-1	0.22313016014843
-0.996	0.225423248533969
-0.992	0.227621382450641
-0.988	0.229728629697263
-0.984	0.231749058072654
-0.98	0.233686735375634
-0.976	0.235545729405022
-0.972	0.237330107959636
-0.968	0.239043938838295
-0.964	0.240691289839818
-0.96	0.242276228763024
-0.956	0.243802823406732
-0.952	0.245275141569761
-0.948	0.24669725105093
-0.944	0.248073219649057
-0.94	0.249407115162961
-0.936	0.250703005391462
-0.932	0.251964958133378
-0.928	0.253197041187528
-0.924	0.254403322352731
-0.92	0.255587869427806
-0.916	0.256754750211572
-0.912	0.257908032502848
-0.908	0.259051784100452
-0.904	0.260190072803203
-0.9	0.261326966409921
-0.896	0.262466532719425
-0.892	0.263612839530532
-0.888	0.264769954642063
-0.884	0.265941945852835
-0.88	0.267132880961668
-0.876	0.268346827767381
-0.872	0.269587854068793
-0.868	0.270860027664722
-0.864	0.272167416353987
-0.86	0.273514087935408
-0.856	0.274904110207803
-0.852	0.276341550969991
-0.848	0.277830478020791
-0.844	0.279374959159022
-0.84	0.280979062183503
-0.836	0.282646854893052
-0.832	0.284382405086489
-0.828	0.286189780562632
-0.824	0.288073049120301
-0.82	0.290036278558313
-0.816	0.292083536675489
-0.812	0.294218891270647
-0.808	0.296446410142606
-0.804	0.298770161090185
-0.8	0.301194211912202
-0.796	0.303631164925839
-0.792	0.305993461008834
-0.788	0.308284925800837
-0.784	0.310509384941502
-0.78	0.31267066407048
-0.776	0.314772588827424
-0.772	0.316818984851987
-0.768	0.31881367778382
-0.764	0.320760493262575
-0.76	0.322663256927906
-0.756	0.324525794419464
-0.752	0.326351931376901
-0.748	0.328145493439871
-0.744	0.329910306248024
-0.74	0.331650195441013
-0.736	0.333368986658492
-0.732	0.335070505540111
-0.728	0.336758577725523
-0.724	0.33843702885438
-0.72	0.340109684566335
-0.716	0.34178037050104
-0.712	0.343452912298147
-0.708	0.345131135597308
-0.704	0.346818866038176
-0.7	0.348519929260403
-0.696	0.350238150903641
-0.692	0.351977356607543
-0.688	0.35374137201176
-0.684	0.355534022755946
-0.68	0.357359134479751
-0.676	0.359220532822829
-0.672	0.361122043424832
-0.668	0.363067491925412
-0.664	0.365060703964221
-0.66	0.367105505180912
-0.656	0.369205721215137
-0.652	0.371365177706547
-0.648	0.373587700294796
-0.644	0.375877114619536
-0.64	0.378237246320418
-0.636	0.380671921037096
-0.632	0.383184964409221
-0.628	0.385780202076446
-0.624	0.388461459678422
-0.62	0.391232562854803
-0.616	0.39409733724524
-0.612	0.397059608489386
-0.608	0.400123202226893
-0.604	0.403291944097413
-0.6	0.406569659740599
-0.596	0.4098516983911
-0.592	0.413034260190022
-0.588	0.416122447136704
-0.584	0.419121361230481
-0.58	0.422036104470692
-0.576	0.424871778856674
-0.572	0.427633486387765
-0.568	0.4303263290633
-0.564	0.432955408882619
-0.56	0.435525827845059
-0.556	0.438042687949956
-0.552	0.440511091196647
-0.548	0.442936139584472
-0.544	0.445322935112766
-0.54	0.447676579780867
-0.536	0.450002175588112
-0.532	0.452304824533839
-0.528	0.454589628617385
-0.524	0.456861689838088
-0.52	0.459126110195284
-0.516	0.461387991688312
-0.512	0.463652436316508
-0.508	0.46592454607921
-0.504	0.468209422975755
-0.5	0.470512169005481
-0.496	0.472837886167724
-0.492	0.475191676461823
-0.488	0.477578641887114
-0.484	0.480003884442935
-0.48	0.482472506128623
-0.476	0.484989608943516
-0.472	0.487560294886951
-0.468	0.490189665958265
-0.464	0.492882824156796
-0.46	0.495644871481881
-0.456	0.498480909932857
-0.452	0.501396041509062
-0.448	0.504395368209833
-0.444	0.507483992034507
-0.44	0.510667014982422
-0.436	0.513949539052915
-0.432	0.517336666245323
-0.428	0.520833498558984
-0.424	0.524445137993235
-0.42	0.528176686547414
-0.416	0.532033246220857
-0.412	0.536019919012903
-0.408	0.540141806922888
-0.404	0.54440401195015
-0.4	0.548811636094026
-0.396	0.553224880362711
-0.392	0.557505111945497
-0.388	0.561659182113375
-0.384	0.565693942137333
-0.38	0.56961624328836
-0.376	0.573432936837444
-0.372	0.577150874055574
-0.368	0.580776906213738
-0.364	0.584317884582926
-0.36	0.587780660434125
-0.356	0.591172085038326
-0.352	0.594499009666515
-0.348	0.597768285589683
-0.344	0.600986764078817
-0.34	0.604161296404906
-0.336	0.607298733838939
-0.332	0.610405927651904
-0.328	0.613489729114791
-0.324	0.616556989498588
-0.32	0.619614560074283
-0.316	0.622669292112866
-0.312	0.625728036885324
-0.308	0.628797645662647
-0.304	0.631884969715823
-0.3	0.634996860315841
-0.296	0.638140168733689
-0.292	0.641321746240357
-0.288	0.644548444106832
-0.284	0.647827113604104
-0.28	0.651164606003161
-0.276	0.654567772574991
-0.272	0.658043464590585
-0.268	0.661598533320929
-0.264	0.665239830037013
-0.26	0.668974206009826
-0.256	0.672808512510356
-0.252	0.676749600809591
-0.248	0.680804322178521
-0.244	0.684979527888134
-0.24	0.689282069209419
-0.236	0.693718797413364
-0.232	0.698296563770958
-0.228	0.70302221955319
-0.224	0.707902616031048
-0.22	0.712944604475522
-0.216	0.718155036157599
-0.212	0.723540762348268
-0.208	0.729108634318519
-0.204	0.734865503339339
-0.2	0.740818220681718
-0.196	0.746970110162706
-0.192	0.75331043012501
-0.188	0.759824933628103
-0.184	0.766499373731456
-0.18	0.773319503494543
-0.176	0.780271075976835
-0.172	0.787339844237804
-0.168	0.794511561336924
-0.164	0.801771980333665
-0.16	0.809106854287501
-0.156	0.816501936257903
-0.152	0.823942979304345
-0.148	0.831415736486297
-0.144	0.838905960863233
-0.14	0.846399405494625
-0.136	0.853881823439945
-0.132	0.861338967758665
-0.128	0.868756591510258
-0.124	0.876120447754195
-0.12	0.88341628954995
-0.116	0.890629869956994
-0.112	0.897746942034799
-0.108	0.904753258842839
-0.104	0.911634573440585
-0.1	0.918376638887509
-0.096	0.924965208243084
-0.092	0.931386034566781
-0.088	0.937624870918075
-0.084	0.943667470356435
-0.08	0.949499585941336
-0.076	0.955106970732248
-0.072	0.960475377788645
-0.0679999999999999	0.965590560169999
-0.0639999999999999	0.970438270935781
-0.0599999999999999	0.975004263145465
-0.0559999999999999	0.979274289858521
-0.0519999999999999	0.983234104134424
-0.0479999999999999	0.986869459032645
-0.0439999999999999	0.990166107612656
-0.04	0.993109802933929
-0.036	0.995686298055937
-0.032	0.997881346038152
-0.028	0.999680699940047
-0.024	1.00107011282109
-0.02	1.00203533774076
-0.016	1.00256212775853
-0.012	1.00263623593386
-0.00800000000000001	1.00224341532624
-0.004	1.00136941899513
0	1
0.004	0.998269131286933
0.00800000000000001	0.996323365744407
0.012	0.994167326345504
0.016	0.991805636063308
0.02	0.989242917870901
0.024	0.986483794741365
0.028	0.983532889647785
0.032	0.980394825563243
0.036	0.97707422546082
0.04	0.973575712313601
0.044	0.969903909094667
0.048	0.966063438777103
0.052	0.962058924333989
0.056	0.95789498873841
0.0600000000000001	0.953576254963448
0.0640000000000001	0.949107345982186
0.0680000000000001	0.944492884767706
0.0720000000000001	0.939737494293092
0.0760000000000001	0.934845797531426
0.0800000000000001	0.929822417455791
0.0840000000000001	0.924671977039269
0.0880000000000001	0.919399099254944
0.0920000000000001	0.914008407075898
0.0960000000000001	0.908504523475215
0.1	0.902892071425976
0.104	0.897175673901265
0.108	0.891359953874164
0.112	0.885449534317756
0.116	0.879449038205125
0.12	0.873363088509352
0.124	0.86719630820352
0.128	0.860953320260713
0.132	0.854638747654014
0.136	0.848257213356504
0.14	0.841813340341266
0.144	0.835311751581384
0.148	0.828757070049941
0.152	0.822153918720018
0.156	0.815506920564699
0.16	0.808820698557067
0.164	0.802099875670204
0.168	0.795349074877193
0.172	0.788572919151117
0.176	0.781776031465059
0.18	0.774963034792102
0.184	0.768138552105327
0.188	0.761307206377819
0.192	0.754473620582659
0.196	0.747642417692931
0.2	0.740818220681718
0.204	0.734111281889882
0.208	0.727624475034493
0.212	0.721351355152941
0.216	0.715285477282617
0.22	0.709420396460911
0.224	0.703749667725215
0.228	0.698266846112918
0.232	0.692965486661412
0.236	0.687839144408087
0.24	0.682881374390334
0.244	0.678085731645544
0.248	0.673445771211106
0.252	0.668955048124413
0.256	0.664607117422854
0.26	0.66039553414382
0.264	0.656313853324702
0.268	0.652355630002891
0.272	0.648514419215777
0.276	0.644783776000751
0.28	0.641157255395203
0.284	0.637628412436525
0.288	0.634190802162107
0.292	0.630837979609339
0.296	0.627563499815612
0.3	0.624360917818317
0.304	0.621223788654845
0.308	0.618145667362586
0.312	0.615120108978931
0.316	0.612140668541271
0.32	0.609200901086995
0.324	0.606294361653496
0.328	0.603414605278163
0.332	0.600555186998388
0.336	0.59770966185156
0.34	0.594871584875072
0.344	0.592034511106312
0.348	0.589191995582672
0.352	0.586337593341543
0.356	0.583464859420315
0.36	0.58056734885638
0.364	0.577638616687126
0.368	0.574672217949947
0.372	0.571661707682231
0.376	0.568600640921369
0.38	0.565482572704753
0.384	0.562301058069773
0.388	0.55904965205382
0.392	0.555721909694284
0.396	0.552311386028556
0.4	0.548811636094026
0.404	0.545296552765265
0.408	0.541842905589291
0.412	0.538448564612173
0.416	0.535111399879978
0.42	0.531829281438772
0.424	0.528600079334624
0.428	0.525421663613601
0.432	0.522291904321769
0.436	0.519208671505197
0.44	0.516169835209951
0.444	0.513173265482099
0.448	0.510216832367708
0.452	0.507298405912846
0.456	0.50441585616358
0.46	0.501567053165976
0.464	0.498749866966103
0.468	0.495962167610028
0.472	0.493201825143818
0.476	0.49046670961354
0.48	0.487754691065262
0.484	0.48506363954505
0.488	0.482391425098973
0.492	0.479735917773098
0.496	0.477094987613491
0.5	0.474466504666221
0.504	0.471848338977354
0.508	0.469238360592958
0.512	0.4666344395591
0.516	0.464034445921847
0.52	0.461436249727267
0.524	0.458837721021428
0.528	0.456236729850395
0.532	0.453631146260237
0.536	0.451018840297021
0.54	0.448397682006815
0.544	0.445765541435685
0.548	0.443120288629699
0.552	0.440459793634924
0.556	0.437781926497427
0.56	0.435084557263277
0.564	0.432365555978539
0.568	0.429622792689282
0.572	0.426854137441573
0.576	0.424057460281479
0.58	0.421230631255067
0.584	0.418371520408405
0.588	0.41547799778756
0.592	0.412547933438599
0.596	0.40957919740759
0.6	0.406569659740599
0.604	0.403576147347621
0.608	0.400655382758027
0.612	0.397805079446955
0.616	0.395022950889541
0.62	0.39230671056092
0.624	0.389654071936231
0.628	0.387062748490608
0.632	0.384530453699189
0.636	0.382054901037109
0.64	0.379633803979506
0.644	0.377264876001515
0.648	0.374945830578274
0.652	0.372674381184918
0.656	0.370448241296585
0.66	0.36826512438841
0.664	0.366122743935529
0.668	0.364018813413081
0.672	0.361951046296199
0.676	0.359917156060022
0.68	0.357914856179686
0.684	0.355941860130327
0.688	0.353995881387081
0.692	0.352074633425085
0.696	0.350175829719476
0.7	0.348297183745389
0.704	0.346436408977962
0.708	0.34459121889233
0.712	0.34275932696363
0.716	0.340938446666999
0.72	0.339126291477573
0.724	0.337320574870488
0.728	0.335519010320881
0.732	0.333719311303889
0.736	0.331919191294647
0.74	0.330116363768292
0.744	0.328308542199961
0.748	0.32649344006479
0.752	0.324668770837915
0.756	0.322832247994473
0.76	0.3209815850096
0.764	0.319114495358433
0.768	0.317228692516109
0.772	0.315321889957763
0.776	0.313391801158532
0.78	0.311436139593552
0.784	0.309452618737961
0.788	0.307438952066893
0.792	0.305392853055487
0.796	0.303312035178878
0.8	0.301194211912202
0.804	0.299080922797743
0.808	0.297014229043597
0.812	0.294992626623619
0.816	0.293014611511665
0.82	0.291078679681592
0.824	0.289183327107256
0.828	0.287327049762511
0.832	0.285508343621215
0.836	0.283725704657223
0.84	0.281977628844391
0.844	0.280262612156574
0.848	0.27857915056763
0.852	0.276925740051414
0.856	0.275300876581781
0.86	0.273703056132588
0.864	0.272130774677691
0.868	0.270582528190945
0.872	0.269056812646207
0.876	0.267552124017332
0.88	0.266066958278177
0.884	0.264599811402597
0.888	0.263149179364448
0.892	0.261713558137586
0.896	0.260291443695867
0.9	0.258881332013147
0.904	0.257481719063283
0.908	0.256091100820129
0.912	0.254707973257541
0.916	0.253330832349377
0.92	0.251958174069491
0.924	0.25058849439174
0.928	0.24922028928998
0.932	0.247852054738066
0.936	0.246482286709854
0.94	0.2451094811792
0.944	0.243732134119961
0.948	0.242348741505992
0.952	0.240957799311149
0.956	0.239557803509288
0.96	0.238147250074266
0.964	0.236724634979937
0.968	0.235288454200157
0.972	0.233837203708784
0.976	0.232369379479672
0.98	0.230883477486678
0.984	0.229377993703658
0.988	0.227851424104467
0.992	0.226302264662961
0.996	0.224729011352997
1	0.22313016014843
