-0.75	1286.02239376409
-0.745	1212.38280266853
-0.74	1142.31254877219
-0.735	1075.66126680325
-0.73	1012.2841847836
-0.725	952.0419382273
-0.72	894.800389900519
-0.715	840.430454991774
-0.71	788.807931545113
-0.705	739.813336012491
-0.7	693.331743785278
-0.695	649.252634568154
-0.69	607.469742462295
-0.685	567.880910627917
-0.68	530.387950399575
-0.675	494.896504730875
-0.67	461.3159158482
-0.665	429.559096996314
-0.66	399.542408161489
-0.655	371.185535660823
-0.65	344.411375489208
-0.645	319.1459203182
-0.64	295.318150043713
-0.635	272.859925782155
-0.63	251.705887217148
-0.625	231.79335320155
-0.62	213.062225521903
-0.615	195.454895734871
-0.61	178.916154987587
-0.605	163.393106736059
-0.6	148.835082278096
-0.595	135.193559019344
-0.59	122.422081393173
-0.585	110.476184357241
-0.58	99.3133193915779
-0.575	88.8927829250109
-0.57	79.1756471187204
-0.565	70.1246929375477
-0.56	61.7043454415675
-0.555	53.8806112322061
-0.55	46.6210179889512
-0.545	39.8945560344065
-0.54	33.6716218671154
-0.535	27.9239636032073
-0.53	22.6246282695045
-0.525	17.7479108922847
-0.52	13.2693053274012
-0.515	9.16545677893633
-0.51	5.4141159550118
-0.505	1.99409481076493
-0.5	-1.11477617011021
-0.495	-3.93168920254276
-0.49	-6.47489898195846
-0.485	-8.76176106555405
-0.48	-10.8087688964479
-0.475	-12.6315895129674
-0.47	-14.2450979841599
-0.465	-15.6634106114771
-0.46	-16.8999169354498
-0.455	-17.9673105850938
-0.45	-18.8776190067192
-0.445	-19.6422321077813
-0.44	-20.2719298504059
-0.435	-20.7769088282356
-0.43	-21.1668078592881
-0.425	-21.4507326265841
-0.42	-21.6372793973904
-0.415	-21.7345578510454
-0.41	-21.7502130444603
-0.405	-21.6914465435604
-0.4	-21.565036748102
-0.395	-21.3773584365096
-0.39	-21.1344015565987
-0.385	-20.841789287292
-0.38	-20.5047953957027
-0.375	-20.1283609132393
-0.37	-19.717110153688
-0.365	-19.2753660955496
-0.36	-18.807165150245
-0.355	-18.3162713371593
-0.35	-17.8061898858659
-0.345	-17.2801802852647
-0.34	-16.741268798768
-0.335	-16.1922604640982
-0.33	-15.6357505956876
-0.325	-15.0741358071336
-0.32	-14.509624570623
-0.315	-13.944247329721
-0.31	-13.3798661814205
-0.305	-12.8181841428521
-0.3	-12.260754017579
-0.295	-11.7089868759401
-0.29	-11.1641601634476
-0.285	-10.6274254508121
-0.28	-10.0998158387371
-0.275	-9.5822530302126
-0.27	-9.07555408263269
-0.265	-8.58043785166992
-0.26	-8.09753113845862
-0.255	-7.62737455126862
-0.25	-7.17042809249046
-0.245	-6.72707648140326
-0.24	-6.29763422285706
-0.235	-5.88235043167028
-0.23	-5.48141342222264
-0.225	-5.09495507241179
-0.22	-4.72305497083915
-0.215	-4.36574435579659
-0.21	-4.02300985433975
-0.205	-3.69479702945645
-0.2	-3.38101374306967
-0.195	-3.0815333423529
-0.19	-2.79619767658205
-0.184999999999999	-2.52481995150165
-0.179999999999999	-2.26718742794426
-0.174999999999999	-2.02306397120997
-0.169999999999999	-1.79219245748747
-0.164999999999999	-1.57429704338041
-0.159999999999999	-1.36908530439028
-0.154999999999999	-1.17625024800192
-0.149999999999999	-0.995472206818416
-0.144999999999999	-0.82642061699871
-0.139999999999999	-0.668755687063998
-0.134999999999999	-0.522129961957142
-0.129999999999999	-0.386189787063318
-0.124999999999999	-0.260576676729191
-0.119999999999999	-0.144928591652586
-0.114999999999999	-0.0388811293541734
-0.109999999999999	0.0579313682127038
-0.104999999999999	0.145874786008412
-0.0999999999999994	0.225314282449901
-0.0949999999999994	0.296613407531447
-0.0899999999999994	0.360133289041562
-0.0849999999999994	0.416231883526733
-0.0799999999999994	0.465263288780877
-0.0749999999999994	0.507577114763573
-0.0699999999999994	0.543517909970202
-0.0649999999999994	0.573424640393439
-0.0599999999999994	0.597630218327981
-0.0549999999999994	0.61646107837928
-0.0499999999999994	0.630236798142247
-0.0449999999999994	0.639269761117773
-0.0399999999999994	0.643864859533267
-0.0349999999999994	0.64431923482871
-0.0299999999999994	0.64092205366157
-0.0249999999999994	0.633954317372997
-0.0199999999999994	0.623688702943554
-0.0149999999999994	0.610389433549752
-0.0099999999999994	0.59431217691291
-0.0049999999999994	0.575703969709252
5.98479599211998E-16	0.554803166384956
0.0050000000000006	0.531839410792107
0.0100000000000006	0.507033629131126
0.0150000000000006	0.480598042752582
0.0200000000000006	0.452736199436132
0.0250000000000006	0.423643021826942
0.0300000000000006	0.393504871770346
0.0350000000000006	0.362499629343675
0.0400000000000006	0.330796785440339
0.0450000000000006	0.29855754681531
0.0500000000000006	0.265934952553292
0.0550000000000006	0.233074000971076
0.0600000000000006	0.200111786013902
0.0650000000000006	0.167177642252274
0.0700000000000006	0.134393297630439
0.0750000000000006	0.101873033160898
0.0800000000000006	0.0697238488008521
0.0850000000000006	0.0380456347863531
0.0900000000000006	0.0069313477383535
0.0950000000000006	-0.0235328091082532
0.100000000000001	-0.0532672021660591
0.105000000000001	-0.0821985808264122
0.110000000000001	-0.110259888407177
0.115000000000001	-0.137390071232232
0.120000000000001	-0.163533886327781
0.125000000000001	-0.188641708191624
0.130000000000001	-0.212669335063795
0.135000000000001	-0.235577795100346
0.140000000000001	-0.257333152826574
0.145000000000001	-0.277906316221565
0.150000000000001	-0.297272844762492
0.155000000000001	-0.315412758734764
0.160000000000001	-0.33231035009265
0.165000000000001	-0.347953995134526
0.170000000000001	-0.362335969237292
0.175000000000001	-0.375452263875783
0.180000000000001	-0.38730240613513
0.185000000000001	-0.39788928090694
0.190000000000001	-0.407218955943879
0.195000000000001	-0.41530050993174
0.200000000000001	-0.42214586372325
0.205000000000001	-0.427769614863792
0.210000000000001	-0.432188875525812
0.215000000000001	-0.435423113955895
0.220000000000001	-0.437493999526415
0.225000000000001	-0.438425251472075
0.230000000000001	-0.438242491380808
0.235000000000001	-0.436973099498071
0.240000000000001	-0.434646074893765
0.245000000000001	-0.431291899531737
0.250000000000001	-0.426942406272991
0.255000000000001	-0.42163065083545
0.260000000000001	-0.415390787725233
0.265000000000001	-0.40825795014708
0.270000000000001	-0.400268133894504
0.275000000000001	-0.391458085213787
0.280000000000001	-0.381865192629712
0.285000000000001	-0.371527382715221
0.290000000000001	-0.360483019781725
0.295000000000001	-0.348770809461762
0.300000000000001	-0.336429706151027
0.305000000000001	-0.323498824272318
0.310000000000001	-0.310017353319977
0.315000000000001	-0.296024476639505
0.320000000000001	-0.281559293893635
0.325000000000001	-0.266660747162845
0.330000000000001	-0.251367550625391
0.335000000000001	-0.23571812375917
0.340000000000001	-0.219750528005288
0.345000000000001	-0.203502406830945
0.350000000000001	-0.187010929127201
0.355000000000001	-0.170312735875398
0.360000000000001	-0.153443890014369
0.365000000000001	-0.136439829439092
0.370000000000001	-0.119335323060282
0.375000000000001	-0.102164429853201
0.380000000000001	-0.084960460823181
0.385000000000001	-0.0677559438144349
0.390000000000001	-0.050582591088262
0.395000000000001	-0.033471269596126
0.400000000000001	-0.0164519738728471
0.405000000000001	0.000446198525156019
0.410000000000001	0.0171950691117064
0.415000000000001	0.0337673981679317
0.420000000000001	0.0501369021195918
0.425000000000001	0.0662782686694822
0.430000000000001	0.0821671697594581
0.435000000000001	0.0977802724361888
0.440000000000001	0.113095247694329
0.445000000000001	0.128090777370205
0.450000000000001	0.142746559158507
0.455000000000001	0.157043309823793
0.460000000000001	0.170962766677851
0.465000000000001	0.184487687393134
0.470000000000001	0.197601848221661
0.475000000000001	0.21029004068781
0.480000000000001	0.222538066822489
0.485000000000001	0.234332733005166
0.490000000000001	0.24566184247917
0.495000000000001	0.25651418660462
0.500000000000001	0.266879534912197
0.505000000000001	0.27674862401983
0.510000000000001	0.286113145473231
0.515000000000001	0.294965732569941
0.520000000000001	0.303299946225428
0.525000000000001	0.311110259938441
0.530000000000001	0.318392043911657
0.535000000000001	0.325141548382344
0.540000000000001	0.331355886216477
0.545000000000001	0.337033014818509
0.550000000000001	0.342171717407646
0.555000000000001	0.34677158371021
0.560000000000001	0.35083299011636
0.565000000000001	0.354357079348149
0.570000000000001	0.35734573968456
0.575000000000001	0.359801583787901
0.580000000000001	0.361727927174609
0.585000000000001	0.363128766372234
0.590000000000001	0.364008756803073
0.595000000000001	0.364373190433652
0.600000000000001	0.364227973227989
0.605000000000001	0.363579602441263
0.610000000000001	0.36243514378932
0.615000000000001	0.360802208528177
0.620000000000001	0.35868893047642
0.625000000000001	0.356103943012256
0.630000000000001	0.353056356075696
0.635000000000001	0.349555733205198
0.640000000000001	0.345612068636947
0.645000000000001	0.341235764493716
0.650000000000001	0.33643760808922
0.655000000000001	0.331228749372657
0.660000000000001	0.325620678537074
0.665000000000001	0.319625203814111
0.670000000000001	0.313254429476592
0.675000000000001	0.30652073406938
0.680000000000001	0.299436748887918
0.685000000000001	0.292015336722813
0.690000000000001	0.284269570887893
0.695000000000001	0.276212714548138
0.700000000000001	0.267858200362993
0.705000000000001	0.259219610459589
0.710000000000001	0.250310656749535
0.715000000000001	0.241145161602019
0.720000000000001	0.231737038885138
0.725000000000001	0.222100275386453
0.730000000000001	0.212248912623041
0.735000000000001	0.20219702905042
0.740000000000001	0.191958722679002
0.745000000000001	0.181548094105925
