2	-0.128831563763065	0.001
3	-0.426403490534313	0.001
4	-0.485419861464245	0.001
5	-0.498330100348313	0.001
6	-0.501141799016208	0.001
7	-0.501731341568322	0.001
8	-0.501826119861093	0.001
10	-0.501849483976705	0.001


0.1	-0.501849483976705	0.001
0.2	-0.514524310075473	0.001
0.3	-0.551867175026305	0.001
0.4	-0.642548927386369	0.001
0.5	-0.859821568140903	0.001
0.7	-0.165287106942852	0.001
0.8	-0.173097058793418	0.001
1	-0.178111165100722	0.001


0.1	0.09
0.11	0.0979115251894716
0.12	0.105647548763026
0.13	0.113210212201449
0.14	0.120601620381221
0.15	0.127823845522238
0.16	0.134878930135796
0.17	0.141768889282823
0.18	0.148495712343194
0.19	0.155061364430289
0.2	0.161467787542816
0.21	0.167716901518483
0.22	0.173810604835778
0.23	0.179750775297632
0.24	0.185539270621984
0.25	0.191177928958088
0.26	0.196668569342951
0.27	0.202012992108982
0.28	0.207212979251516
0.29	0.212270294763064
0.3	0.217186684939703
0.31	0.221963878664013
0.32	0.226603587668065
0.33	0.231107506779381
0.34	0.235477314152222
0.35	0.239714671486168
0.36	0.243821224233639
0.37	0.247798601797717
0.38	0.251648417721416
0.39	0.25537226986939
0.4	0.258971740602901
0.41	0.262448396948754
0.42	0.265803790762812
0.43	0.269039458888619
0.44	0.272156923311576
0.45	0.275157691309073
0.46	0.278043255596922
0.47	0.28081509447238
0.48	0.283474671954046
0.49	0.28602343791885
0.5	0.288462828236347
0.51	0.290794264900496
0.52	0.293019156159091
0.53	0.295138896640988
0.54	0.297154867481251
0.55	0.299068436444341
0.56	0.300880958045461
0.57	0.302593773670125
0.58	0.304208211692063
0.59	0.305725587589534
0.6	0.307147204060102
0.61	0.308474351133958
0.62	0.309708306285835
0.63	0.31085033454558
0.64	0.311901688607416
0.65	0.31286360893796
0.66	0.313737323883016
0.67	0.314524049773201
0.68	0.315224991028434
0.690000000000001	0.315841340261306
0.700000000000001	0.316374278379391
0.710000000000001	0.316824974686493
0.720000000000001	0.317194586982888
0.730000000000001	0.317484261664557
0.740000000000001	0.317695133821458
0.750000000000001	0.317828327334836
0.760000000000001	0.317884954973612
0.770000000000001	0.317866118489855
0.780000000000001	0.317772908713369
0.790000000000001	0.317606405645394
0.800000000000001	0.317367678551458
0.810000000000001	0.317057786053376
0.820000000000001	0.316677776220429
0.830000000000001	0.316228686659724
0.840000000000001	0.315711544605749
0.850000000000001	0.315127367009141
0.860000000000001	0.314477160624683
0.870000000000001	0.313761922098526
0.880000000000001	0.31298263805466
0.890000000000001	0.312140285180647
0.900000000000001	0.311235830312611
0.910000000000001	0.310270230519512
0.920000000000001	0.309244433186698
0.930000000000001	0.308159376098765
0.940000000000001	0.307015987521704
0.950000000000001	0.305815186284372
0.960000000000001	0.304557881859281
0.970000000000001	0.303244974442714
0.980000000000001	0.301877355034176
0.990000000000001	0.300455905515192
1	0.298981498727453
1.01	0.297454998550324
1.02	0.295877259977713
1.03	0.29424912919431
1.04	0.292571443651213
1.05	0.29084503214093
1.06	0.289070714871772
1.07	0.287249303541653
1.08	0.285381601411276
1.09	0.283468403376748
1.1	0.28151049604159
1.11	0.279508657788179
1.12	0.277463658848615
1.13	0.275376261375009
1.14	0.273247219509224
1.15	0.271077279452036
1.16	0.268867179531765
1.17	0.266617650272333
1.18	0.264329414460801
1.19	0.262003187214347
1.2	0.259639676046726
1.21	0.257239580934191
1.22	0.254803594380891
1.23	0.252332401483749
1.24	0.249826679996824
1.25	0.247287100395165
1.26	0.244714325938148
1.27	0.24210901273232
1.28	0.23947180979374
1.29	0.236803359109825
1.3	0.234104295700706
1.31	0.231375247680098
1.32	0.228616836315686
1.33	0.225829676089034
1.34	0.223014374755019
1.35	0.220171533400793
1.36	0.217301746504281
1.37	0.214405601992209
1.38	0.211483681297682
1.39	0.208536559417297
1.4	0.205564804967812
1.41	0.202568980242356
1.42	0.199549641266208
1.43	0.196507337852119
1.44	0.193442613655206
1.45	0.190356006227412
1.46	0.187248047071525
1.47	0.184119261694781
1.48	0.180970169662034
1.49	0.177801284648508
1.5	0.174613114492132
1.51	0.171406161245459
1.52	0.168180921227171
1.53	0.164937885073182
1.54	0.161677537787327
1.55	0.15840035879166
1.56	0.155106821976344
1.57	0.151797395749147
1.58	0.148472543084547
1.59	0.14513272157245
1.6	0.141778383466512
1.61	0.138409975732087
1.62	0.135027940093788
1.63	0.131632713082672
1.64	0.128224726083049
1.65	0.124804405378922
1.66	0.12137217220005
1.67	0.117928442767653
1.68	0.114473628339749
1.69	0.111008135256127
1.7	0.107532364982968
1.71	0.104046714157106
1.72	0.100551574629935
1.73	0.0970473335109708
1.74	0.0935343732110595
1.75	0.0900130714852453
1.76	0.0864838014752925
1.77	0.0829469317518702
1.78	0.079402826356398
1.79	0.0758518448425579
1.8	0.0722943423174737
1.81	0.0687306694825604
1.82	0.0651611726740468
1.83	0.0615861939031732
1.84	0.0580060708960662
1.85	0.0544211371332946
1.86	0.0508317218891068
1.87	0.047238150270354
1.88	0.0436407432550996
1.89	0.0400398177309192
1.9	0.0364356865328919
1.91	0.032828658481286
1.92	0.0292190384189412
1.93	0.0256071272483499
1.94	0.0219932219684391
1.95	0.0183776157110558
1.96	0.0147605977771583
1.97	0.0111424536727146
1.98	0.00752346514431136
1.99	0.00390391021447453
2	0.000284063216705043


0.1	0.09
0.11	0.0979148285596462
0.12	0.105661130769633
0.13	0.113241584344854
0.14	0.120658809727618
0.15	0.127915375438875
0.16	0.135013802129084
0.17	0.141956565730684
0.18	0.148746099972659
0.19	0.155384798431249
0.2	0.161875016236214
0.21	0.168219071516462
0.22	0.174419246645139
0.23	0.180477789328021
0.24	0.186396913567738
0.25	0.192178800528343
0.26	0.197825599318917
0.27	0.203339427710671
0.28	0.208722372798829
0.29	0.213976491618224
0.3	0.219103811719704
0.31	0.224106331713085
0.32	0.228986021781286
0.33	0.233744824169435
0.34	0.238384653652091
0.35	0.242907397981159
0.36	0.247314918316667
0.37	0.251609049642234
0.38	0.255791601166755
0.39	0.259864356713617
0.4	0.263829075098555
0.41	0.267687490497122
0.42	0.271441312802587
0.43	0.275092227974982
0.44	0.27864189838194
0.45	0.282091963131845
0.46	0.285444038399804
0.47	0.288699717746848
0.48	0.291860572432753
0.49	0.294928151722806
0.5	0.297903983188823
0.51	0.300789573004699
0.52	0.303586406236707
0.53	0.306295947128795
0.54	0.308919639383066
0.55	0.311458906435622
0.56	0.313915151727945
0.57	0.316289758973959
0.58	0.31858409242293
0.59	0.320799497118309
0.6	0.32293729915266
0.61	0.324998805918773
0.62	0.326985306357064
0.63	0.328898071199373
0.64	0.330738353209234
0.65	0.332507387418706
0.66	0.334206391361859
0.67	0.33583656530497
0.68	0.337399092473518
0.690000000000001	0.338895139276033
0.700000000000001	0.340325855524873
0.710000000000001	0.341692374653985
0.720000000000001	0.342995813933712
0.730000000000001	0.3442372746827
0.740000000000001	0.345417842476954
0.750000000000001	0.346538587356106
0.760000000000001	0.347600564026938
0.770000000000001	0.3486048120642
0.780000000000001	0.349552356108783
0.790000000000001	0.350444206063284
0.800000000000001	0.351281357285002
0.810000000000001	0.352064790776414
0.820000000000001	0.352795473373172
0.830000000000001	0.353474357929641
0.840000000000001	0.354102383502047
0.850000000000001	0.354680475529248
0.860000000000001	0.355209546011165
0.870000000000001	0.355690493684921
0.880000000000001	0.356124204198712
0.890000000000001	0.356511550283444
0.900000000000001	0.356853391922169
0.910000000000001	0.357150576517349
0.920000000000001	0.357403939055991
0.930000000000001	0.357614302272657
0.940000000000001	0.357782476810411
0.950000000000001	0.357909261379706
0.960000000000001	0.357995442915247
0.970000000000001	0.358041796730866
0.980000000000001	0.358049086672425
0.990000000000001	0.358018065268773
1	0.357949473880799
1.01	0.357844042848582
1.02	0.357702491636682
1.03	0.357525528977596
1.04	0.357313853013386
1.05	0.357068151435523
1.06	0.356789101622958
1.07	0.356477370778451
1.08	0.356133616063169
1.09	0.35575848472959
1.1	0.355352614252723
1.11	0.354916632459671
1.12	0.354451157657559
1.13	0.353956798759839
1.14	0.353434155411009
1.15	0.352883818109752
1.16	0.352306368330515
1.17	0.351702378643561
1.18	0.351072412833496
1.19	0.350417026016308
1.2	0.349736764754915
1.21	0.349032167173266
1.22	0.348303763068987
1.23	0.347552074024616
1.24	0.346777613517421
1.25	0.345980887027835
1.26	0.345162392146518
1.27	0.344322618680064
1.28	0.343462048755372
1.29	0.342581156922692
1.3	0.341680410257374
1.31	0.340760268460318
1.32	0.339821183957159
1.33	0.338863601996191
1.34	0.337887960745054
1.35	0.336894691386186
1.36	0.335884218211074
1.37	0.334856958713301
1.38	0.333813323680416
1.39	0.332753717284633
1.4	0.331678537172381
1.41	0.330588174552713
1.42	0.32948301428459
1.43	0.328363434963056
1.44	0.327229809004313
1.45	0.326082502729715
1.46	0.324921876448688
1.47	0.323748284540598
1.48	0.322562075535566
1.49	0.321363592194259
1.5	0.320153171586656
1.51	0.318931145169812
1.52	0.317697838864626
1.53	0.31645357313162
1.54	0.315198663045761
1.55	0.313933418370312
1.56	0.312658143629741
1.57	0.311373138181698
1.58	0.310078696288061
1.59	0.308775107185076
1.6	0.307462655152589
1.61	0.306141619582396
1.62	0.304812275045706
1.63	0.303474891359734
1.64	0.302129733653448
1.65	0.300777062432449
1.66	0.299417133643032
1.67	0.298050198735407
1.68	0.296676504726108
1.69	0.295296294259594
1.7	0.293909805669056
1.71	0.292517273036425
1.72	0.291118926251616
1.73	0.289714991070997
1.74	0.288305689175094
1.75	0.286891238225554
1.76	0.285471851921364
1.77	0.284047740054338
1.78	0.282619108563879
1.79	0.281186159591029
1.8	0.279749091531817
1.81	0.278308099089905
1.82	0.276863373328544
1.83	0.27541510172186
1.84	0.273963468205456
1.85	0.272508653226359
1.86	0.271050833792313
1.87	0.269590183520412
1.88	0.268126872685111
1.89	0.266661068265593
1.9	0.265192933992518
1.91	0.263722630394148
1.92	0.262250314841879
1.93	0.260776141595151
1.94	0.259300261845782
1.95	0.257822823761706
1.96	0.256343972530129
1.97	0.254863850400125
1.98	0.253382596724652
1.99	0.251900348002017
2	0.250417237916791
2.01	0.24893339738017
2.02	0.247448954569813
2.03	0.245964034969129
2.04	0.244478761406056
2.05	0.24299325409131
2.06	0.241507630656128
2.07	0.240022006189499
2.08	0.238536493274903
2.09	0.237051202026546
2.1	0.235566240125117
2.11	0.234081712853057
2.12	0.232597723129352
2.13	0.231114371543859
2.14	0.229631756391169
2.15	0.228149973704004
2.16	0.226669117286166
2.17	0.225189278745042
2.18	0.223710547523659
2.19	0.222233010932306
2.2	0.220756754179729
2.21	0.219281860403892
2.22	0.217808410702323
2.23	0.216336484162044
2.24	0.214866157889085
2.25	0.213397507037604
2.26	0.211930604838591
2.27	0.210465522628192
2.28	0.20900232987563
2.29	0.207541094210747
2.29999999999999	0.206081881451166
2.30999999999999	0.204624755629068
2.31999999999999	0.203169779017606
2.32999999999999	0.201717012156946
2.33999999999999	0.200266513879953
2.34999999999999	0.198818341337505
2.35999999999999	0.197372550023469
2.36999999999999	0.195929193799314
2.37999999999999	0.194488324918388
2.38999999999999	0.193049994049847
2.39999999999999	0.191614250302256
2.40999999999999	0.190181141246843
2.41999999999999	0.188750712940442
2.42999999999999	0.187323009948097
2.43999999999999	0.185898075365353
2.44999999999999	0.184475950840227
2.45999999999999	0.183056676594869
2.46999999999999	0.181640291446909
2.47999999999999	0.180226832830507
2.48999999999999	0.178816336817094
2.49999999999999	0.177408838135818
2.50999999999999	0.176004370193699
2.51999999999999	0.174602965095485
2.52999999999999	0.173204653663235
2.53999999999999	0.171809465455602
2.54999999999999	0.170417428786852
2.55999999999999	0.169028570745594
2.56999999999999	0.167642917213245
2.57999999999999	0.166260492882222
2.58999999999999	0.164881321273867
2.59999999999999	0.163505424756113
2.60999999999999	0.162132824560885
2.61999999999999	0.160763540801245
2.62999999999999	0.15939759248829
2.63999999999999	0.158034997547789
2.64999999999999	0.156675772836584
2.65999999999999	0.155319934158736
2.66999999999999	0.153967496281436
2.67999999999999	0.152618472950679
2.68999999999999	0.151272876906698
2.69999999999999	0.149930719899166
2.70999999999999	0.148592012702171
2.71999999999999	0.147256765128963
2.72999999999999	0.145924986046478
2.73999999999999	0.144596683389634
2.74999999999999	0.143271864175421
2.75999999999999	0.141950534516761
2.76999999999998	0.140632699636165
2.77999999999998	0.139318363879175
2.78999999999998	0.138007530727597
2.79999999999998	0.136700202812533
2.80999999999998	0.135396381927201
2.81999999999998	0.134096069039564
2.82999999999998	0.132799264304758
2.83999999999998	0.131505967077319
2.84999999999998	0.130216175923223
2.85999999999998	0.128929888631732
2.86999999999998	0.127647102227052
2.87999999999998	0.126367812979804
2.88999999999998	0.125092016418311
2.89999999999998	0.123819707339704
2.90999999999998	0.122550879820848
2.91999999999998	0.121285527229088
2.92999999999998	0.120023642232824
2.93999999999998	0.118765216811908
2.94999999999998	0.117510242267874
2.95999999999998	0.116258709233996
2.96999999999998	0.115010607685181
2.97999999999998	0.113765926947695
2.98999999999998	0.112524655708727
2.99999999999998	0.111286782025792
3.00999999999998	0.110052293335975
3.01999999999998	0.108821176465015
3.02999999999998	0.10759341763624
3.03999999999998	0.106369002479341
3.04999999999998	0.105147916038998
3.05999999999998	0.103930142783361
3.06999999999998	0.102715666612369
3.07999999999998	0.101504470865938
3.08999999999998	0.100296538331999
3.09999999999998	0.099091851254385
3.10999999999998	0.0978903913405924
3.11999999999998	0.0966921397693888
3.12999999999998	0.0954970771982913
3.13999999999998	0.0943051837709053
3.14999999999998	0.0931164391241295
3.15999999999998	0.0919308223952282
3.16999999999998	0.0907483122287716
3.17999999999998	0.0895688867834465
3.18999999999998	0.0883925237387387
3.19999999999998	0.0872192003014884
3.20999999999998	0.0860488932123203
3.21999999999998	0.0848815787519498
3.22999999999998	0.0837172327473664
3.23999999999997	0.0825558305778969
3.24999999999997	0.081397347181148
3.25999999999997	0.080241757058831
3.26999999999997	0.0790890342824698
3.27999999999997	0.0779391524989932
3.28999999999997	0.0767920849362126
3.29999999999997	0.0756478044081878
3.30999999999997	0.0745062833204797
3.31999999999997	0.073367493675294
3.32999999999997	0.0722314070765151
3.33999999999997	0.0710979947346321
3.34999999999997	0.0699672274715585
3.35999999999997	0.0688390757253462
3.36999999999997	0.0677135095547953
3.37999999999997	0.0665904986439611
3.38999999999997	0.0654700123065583
3.39999999999997	0.0643520194902654
3.40999999999997	0.0632364887809291
3.41999999999997	0.0621233884066696
3.42999999999997	0.0610126862418889
3.43999999999997	0.0599043498111828
3.44999999999997	0.0587983462931573
3.45999999999997	0.05769464252415
3.46999999999997	0.0565932050018599
3.47999999999997	0.0554939998888829
3.48999999999997	0.0543969930161575
3.49999999999997	0.0533021498863194
3.50999999999997	0.0522094356769669
3.51999999999997	0.0511188152438381
3.52999999999997	0.0500302531239001
3.53999999999997	0.0489437135383524
3.54999999999997	0.0478591603955441
3.55999999999997	0.0467765572938062
3.56999999999997	0.0456958675242006
3.57999999999997	0.0446170540731858
3.58999999999997	0.0435400796252003
3.59999999999997	0.0424649065651647
3.60999999999997	0.0413914969809037
3.61999999999997	0.0403198126654879
3.62999999999997	0.039249815119497
3.63999999999997	0.038181465553205
3.64999999999997	0.0371147248886877
3.65999999999997	0.0360495537618542
3.66999999999997	0.0349859125244018
3.67999999999997	0.033923761245697
3.68999999999997	0.0328630597145806
3.69999999999997	0.0318037674411009
3.70999999999996	0.0307458436581724
3.71999999999996	0.0296892473231635
3.72999999999996	0.0286339371194118
3.73999999999996	0.0275798714576687
3.74999999999996	0.0265270084774744
3.75999999999996	0.0254753060484621
3.76999999999996	0.0244247217715946
3.77999999999996	0.0233752129803312
3.78999999999996	0.022326736741728
3.79999999999996	0.0212792498574706
3.80999999999996	0.02023270886484
3.81999999999996	0.0191870700376129
3.82999999999996	0.0181422893868968
3.83999999999996	0.0170983226618995
3.84999999999996	0.0160551253506352
3.85999999999996	0.0150126526805661
3.86999999999996	0.0139708596191813
3.87999999999996	0.0129297008745126
3.88999999999996	0.0118891308955886
3.89999999999996	0.0108491038728264
3.90999999999996	0.0098095737383626
3.91999999999996	0.0087704941663234
3.92999999999996	0.00773181857303444
3.93999999999996	0.00669350011717074
3.94999999999996	0.00565549169984735
3.95999999999996	0.00461774596465103
3.96999999999996	0.00358021529761346
3.97999999999996	0.00254285182712632
3.98999999999996	0.00150560742379874
3.99999999999996	0.000468433700257456
4	0.000468433700253173


0.1	0.09
0.11	0.0979149796672099
0.12	0.105661752068819
0.13	0.113243019483963
0.14	0.120661425999312
0.15	0.127919562926191
0.16	0.135019972903513
0.17	0.141965153092693
0.18	0.148757557727779
0.19	0.155399600196671
0.2	0.161893654774095
0.21	0.168242058091034
0.22	0.17444711040133
0.23	0.180511076689775
0.24	0.186436187654571
0.25	0.192224640588908
0.26	0.197878600180585
0.27	0.203400199244256
0.28	0.208791539397734
0.29	0.214054691691363
0.3	0.219191697197646
0.31	0.22420456756692
0.32	0.22909528555376
0.33	0.233865805517973
0.34	0.238518053903311
0.35	0.243053929696565
0.36	0.247475304869196
0.37	0.251784024803366
0.38	0.255981908703918
0.39	0.260070749997629
0.4	0.264052316720862
0.41	0.267928351896601
0.42	0.271700573901692
0.43	0.275370676825035
0.44	0.278940330817347
0.45	0.282411182433066
0.46	0.285784854964876
0.47	0.289062948771289
0.48	0.292247041597668
0.49	0.295338688891036
0.5	0.298339424108967
0.51	0.301250759022849
0.52	0.304074184015751
0.53	0.306811168375135
0.54	0.309463160580597
0.55	0.31203158858684
0.56	0.314517860102043
0.57	0.316923362861774
0.58	0.319249464898605
0.59	0.32149751480755
0.6	0.323668842007451
0.61	0.32576475699843
0.62	0.327786551615513
0.63	0.329735499278518
0.64	0.331612855238312
0.65	0.333419856819512
0.66	0.335157723659724
0.67	0.336827657945388
0.68	0.338430844644313
0.690000000000001	0.339968451734959
0.700000000000001	0.341441630432549
0.710000000000001	0.342851515412056
0.720000000000001	0.344199225028139
0.730000000000001	0.345485861532088
0.740000000000001	0.346712511285813
0.750000000000001	0.347880244972957
0.760000000000001	0.348990117807167
0.770000000000001	0.350043169737573
0.780000000000001	0.351040425651537
0.790000000000001	0.351982895574693
0.800000000000001	0.352871574868349
0.810000000000001	0.353707444424272
0.820000000000001	0.354491470856915
0.830000000000001	0.355224606693113
0.840000000000001	0.355907790559294
0.850000000000001	0.356541947366241
0.860000000000001	0.357127988491444
0.870000000000001	0.357666811959077
0.880000000000001	0.358159302617629
0.890000000000001	0.358606332315242
0.900000000000001	0.359008760072761
0.910000000000001	0.359367432254553
0.920000000000001	0.359683182737122
0.930000000000001	0.359956833075534
0.940000000000001	0.360189192667714
0.950000000000001	0.360381058916608
0.960000000000001	0.360533217390272
0.970000000000001	0.360646441979899
0.980000000000001	0.360721495055813
0.990000000000001	0.360759127621463
1	0.360760079465443
1.01	0.360725079311564
1.02	0.360654844966995
1.03	0.360550083468521
1.04	0.360411491226915
1.05	0.360239754169476
1.06	0.360035547880732
1.07	0.359799537741356
1.08	0.359532379065296
1.09	0.359234717235162
1.1	0.358907187835877
1.11	0.358550416786624
1.12	0.358165020471109
1.13	0.357751605866162
1.14	0.357310770668688
1.15	0.356843103421009
1.16	0.356349183634598
1.17	0.355829581912238
1.18	0.35528486006862
1.19	0.354715571249396
1.2	0.354122260048728
1.21	0.353505462625316
1.22	0.35286570681696
1.23	0.352203512253652
1.24	0.351519390469227
1.25	0.350813845011581
1.26	0.350087371551495
1.27	0.34934045799005
1.28	0.348573584564686
1.29	0.347787223953893
1.3	0.346981841380571
1.31	0.346157894714067
1.32	0.345315834570899
1.33	0.344456104414204
1.34	0.343579140651903
1.35	0.342685372733609
1.36	0.341775223246306
1.37	0.340849108008782
1.38	0.339907436164871
1.39	0.33895061027549
1.4	0.337979026409493
1.41	0.336993074233366
1.42	0.335993137099769
1.43	0.334979592134936
1.44	0.333952810324961
1.45	0.332913156600965
1.46	0.331860989923177
1.47	0.33079666336393
1.48	0.329720524189585
1.49	0.328632913941409
1.5	0.327534168515403
1.51	0.326424618241105
1.52	0.32530458795938
1.53	0.3241743970992
1.54	0.32303435975344
1.55	0.321884784753688
1.56	0.320725975744099
1.57	0.319558231254283
1.58	0.318381844771257
1.59	0.31719710481047
1.6	0.316004294985895
1.61	0.314803694079232
1.62	0.313595576108197
1.63	0.312380210393933
1.64	0.311157861627553
1.65	0.309928789935804
1.66	0.308693250945895
1.67	0.307451495849468
1.68	0.306203771465745
1.69	0.304950320303857
1.7	0.30369138062435
1.71	0.3024271864999
1.72	0.301157967875233
1.73	0.299883950626262
1.74	0.298605356618456
1.75	0.297322403764444
1.76	0.296035306080867
1.77	0.294744273744486
1.78	0.293449513147557
1.79	0.292151226952483
1.8	0.290849614145742
1.81	0.289544870091122
1.82	0.288237186582241
1.83	0.286926751894391
1.84	0.285613750835696
1.85	0.284298364797595
1.86	0.282980771804665
1.87	0.281661146563787
1.88	0.280339660512662
1.89	0.279016481867693
1.9	0.277691775671228
1.91	0.276365703838186
1.92	0.275038425202063
1.93	0.273710095560331
1.94	0.272380867719238
1.95	0.271050891538009
1.96	0.269720313972473
1.97	0.268389279118097
1.98	0.26705792825246
1.99	0.265726399877159
2	0.264394829759155
2.01	0.263063350971578
2.02	0.261732093933977
2.03	0.260401186452043
2.04	0.259070753756802
2.05	0.257740918543275
2.06	0.256411801008636
2.07	0.25508351888985
2.08	0.253756187500813
2.09	0.252429919768987
2.1	0.251104826271558
2.11	0.249781015271095
2.12	0.248458592750737
2.13	0.247137662448909
2.14	0.245818325893568
2.15	0.244500682435989
2.16	0.243184829284097
2.17	0.241870861535346
2.18	0.240558872209164
2.19	0.239248952278947
2.2	0.237941190703631
2.21	0.236635674458831
2.22	0.235332488567563
2.23	0.234031716130543
2.24	0.232733438356084
2.25	0.231437734589578
2.26	0.230144682342587
2.27	0.228854357321527
2.28	0.227566833455972
2.29	0.226282182926566
2.29999999999999	0.225000476192557
2.30999999999999	0.223721782018952
2.31999999999999	0.222446167503308
2.32999999999999	0.221173698102146
2.33999999999999	0.219904437657011
2.34999999999999	0.218638448420176
2.35999999999999	0.217375791079985
2.36999999999999	0.216116524785854
2.37999999999999	0.214860707172931
2.38999999999999	0.213608394386408
2.39999999999999	0.212359641105506
2.40999999999999	0.211114500567125
2.41999999999999	0.209873024589167
2.42999999999999	0.208635263593542
2.43999999999999	0.207401266628849
2.44999999999999	0.206171081392747
2.45999999999999	0.204944754254014
2.46999999999999	0.203722330274303
2.47999999999999	0.202503853229588
2.48999999999999	0.201289365631322
2.49999999999999	0.200078908747295
2.50999999999999	0.198872522622197
2.51999999999999	0.197670246097904
2.52999999999999	0.196472116833472
2.53999999999999	0.195278171324855
2.54999999999999	0.194088444924346
2.55999999999999	0.192902971859747
2.56999999999999	0.191721785253267
2.57999999999999	0.190544917140158
2.58999999999999	0.189372398487083
2.59999999999999	0.188204259210236
2.60999999999999	0.187040528193191
2.61999999999999	0.185881233304514
2.62999999999999	0.184726401415116
2.63999999999999	0.183576058415368
2.64999999999999	0.182430229231963
2.65999999999999	0.18128893784455
2.66999999999999	0.180152207302124
2.67999999999999	0.179020059739188
2.68999999999999	0.177892516391681
2.69999999999999	0.176769597612677
2.70999999999999	0.175651322887869
2.71999999999999	0.174537710850822
2.72999999999999	0.173428779298008
2.73999999999999	0.172324545203636
2.74999999999999	0.171225024734255
2.75999999999999	0.170130233263157
2.76999999999998	0.169040185384566
2.77999999999998	0.167954894927632
2.78999999999998	0.16687437497021
2.79999999999998	0.165798637852449
2.80999999999998	0.164727695190183
2.81999999999998	0.163661557888127
2.82999999999998	0.162600236152878
2.83999999999998	0.161543739505733
2.84999999999998	0.160492076795316
2.85999999999998	0.159445256210023
2.86999999999998	0.158403285290287
2.87999999999998	0.157366170940656
2.88999999999998	0.156333919441704
2.89999999999998	0.155306536461761
2.90999999999998	0.154284027068472
2.91999999999998	0.153266395740188
2.92999999999998	0.152253646377187
2.93999999999998	0.151245782312728
2.94999999999998	0.150242806323946
2.95999999999998	0.149244720642581
2.96999999999998	0.148251526965554
2.97999999999998	0.147263226465376
2.98999999999998	0.146279819800415
2.99999999999998	0.145301307124997
3.00999999999998	0.144327688099367
3.01999999999998	0.143358961899494
3.02999999999998	0.142395127226735
3.03999999999998	0.141436182317344
3.04999999999998	0.140482124951852
3.05999999999998	0.139532952464295
3.06999999999998	0.138588661751308
3.07999999999998	0.137649249281078
3.08999999999998	0.136714711102166
3.09999999999998	0.135785042852191
3.10999999999998	0.134860239766384
3.11999999999998	0.133940296686015
3.12999999999998	0.133025208066683
3.13999999999998	0.132114967986492
3.14999999999998	0.131209570154086
3.15999999999998	0.130309007916576
3.16999999999998	0.129413274267337
3.17999999999998	0.128522361853686
3.18999999999998	0.127636262984444
3.19999999999998	0.126754969637376
3.20999999999998	0.125878473466524
3.21999999999998	0.12500676580942
3.22999999999998	0.124139837694187
3.23999999999997	0.123277679846533
3.24999999999997	0.122420282696632
3.25999999999997	0.1215676363859
3.26999999999997	0.120719730773667
3.27999999999997	0.119876555443736
3.28999999999997	0.119038099710847
3.29999999999997	0.118204352627038
3.30999999999997	0.117375302987897
3.31999999999997	0.11655093933873
3.32999999999997	0.115731249980616
3.33999999999997	0.114916222976375
3.34999999999997	0.114105846156439
3.35999999999997	0.113300107124625
3.36999999999997	0.112498993263821
3.37999999999997	0.111702491741578
3.38999999999997	0.110910589515613
3.39999999999997	0.11012327333922
3.40999999999997	0.1093405297666
3.41999999999997	0.108562345158095
3.42999999999997	0.10778870568535
3.43999999999997	0.107019597336375
3.44999999999997	0.10625500592054
3.45999999999997	0.105494917073475
3.46999999999997	0.104739316261899
3.47999999999997	0.103988188788366
3.48999999999997	0.10324151979593
3.49999999999997	0.102499294272735
3.50999999999997	0.101761497056534
3.51999999999997	0.101028112839121
3.52999999999997	0.100299126170701
3.53999999999997	0.0995745214641807
3.54999999999997	0.0988542829993862
3.55999999999997	0.0981383949272136
3.56999999999997	0.0974268412737074
3.57999999999997	0.0967196059440698
3.58999999999997	0.0960166727266023
3.59999999999997	0.0953180252965803
3.60999999999997	0.0946236472200612
3.61999999999997	0.0939335219576272
3.62999999999997	0.0932476328680645
3.63999999999997	0.0925659632119779
3.64999999999997	0.0918884961553435
3.65999999999997	0.0912152147730003
3.66999999999997	0.0905461020520799
3.67999999999997	0.0898811408953769
3.68999999999997	0.0892203141246602
3.69999999999997	0.0885636044839261
3.70999999999996	0.0879109946425938
3.71999999999996	0.0872624671986445
3.72999999999996	0.0866180046817046
3.73999999999996	0.0859775895560741
3.74999999999996	0.0853412042237001
3.75999999999996	0.0847088310270984
3.76999999999996	0.0840804522522207
3.77999999999996	0.0834560501312709
3.78999999999996	0.08283560684547
3.79999999999996	0.0822191045277707
3.80999999999996	0.0816065252655222
3.81999999999996	0.0809978511030858
3.82999999999996	0.0803930640444025
3.83999999999996	0.0797921460555132
3.84999999999996	0.0791950790670313
3.85999999999996	0.0786018449765701
3.86999999999996	0.0780124256511238
3.87999999999996	0.0774268029294038
3.88999999999996	0.0768449586241314
3.89999999999996	0.0762668745242857
3.90999999999996	0.0756925323973101
3.91999999999996	0.075121913991275
3.92999999999996	0.074555001037
3.93999999999996	0.073991775250134
3.94999999999996	0.0734322183331954
3.95999999999996	0.0728763119775727
3.96999999999996	0.0723240378654848
3.97999999999996	0.0717753776719037
3.98999999999996	0.0712303130664381
3.99999999999996	0.0706888257151799
4.00999999999996	0.0701508972825138
4.01999999999996	0.06961650943289
4.02999999999996	0.0690856438325612
4.03999999999996	0.0685582821512842
4.04999999999996	0.0680344060639865
4.05999999999996	0.0675139972523985
4.06999999999996	0.0669970374066521
4.07999999999996	0.0664835082268457
4.08999999999996	0.0659733914245766
4.09999999999996	0.0654666687244406
4.10999999999996	0.0649633218655003
4.11999999999996	0.0644633326027217
4.12999999999996	0.0639666827083797
4.13999999999996	0.0634733539734339
4.14999999999996	0.0629833282088732
4.15999999999996	0.062496587247032
4.16999999999996	0.062013112942877
4.17999999999996	0.0615328871752646
4.18999999999996	0.0610558918481716
4.19999999999995	0.0605821088918964
4.20999999999995	0.0601115202642343
4.21999999999995	0.0596441079516248
4.22999999999995	0.0591798539702731
4.23999999999995	0.0587187403672453
4.24999999999995	0.0582607492215374
4.25999999999995	0.0578058626451198
4.26999999999995	0.0573540627839563
4.27999999999995	0.0569053318189984
4.28999999999995	0.0564596519671563
4.29999999999995	0.0560170054822452
4.30999999999995	0.0555773746559085
4.31999999999995	0.0551407418185182
4.32999999999995	0.0547070893400522
4.33999999999995	0.0542763996309496
4.34999999999995	0.0538486551429436
4.35999999999995	0.0534238383698734
4.36999999999995	0.0530019318484741
4.37999999999995	0.0525829181591458
4.38999999999995	0.0521667799267025
4.39999999999995	0.0517534998211005
4.40999999999995	0.0513430605581462
4.41999999999995	0.0509354449001848
4.42999999999995	0.0505306356567701
4.43999999999995	0.0501286156853139
4.44999999999995	0.0497293678917179
4.45999999999995	0.0493328752309868
4.46999999999995	0.0489391207078226
4.47999999999995	0.048548087377202
4.48999999999995	0.0481597583449357
4.49999999999995	0.0477741167682103
4.50999999999995	0.0473911458561136
4.51999999999995	0.0470108288701429
4.52999999999995	0.0466331491246967
4.53999999999995	0.0462580899875505
4.54999999999995	0.0458856348803163
4.55999999999995	0.0455157672788871
4.56999999999995	0.0451484707138652
4.57999999999995	0.0447837287709754
4.58999999999995	0.0444215250914643
4.59999999999995	0.0440618433724832
4.60999999999995	0.0437046673674584
4.61999999999995	0.0433499808864457
4.62999999999995	0.0429977677964723
4.63999999999995	0.042648012021864
4.64999999999995	0.042300697544559
4.65999999999995	0.0419558084044094
4.66999999999994	0.041613328699468
4.67999999999994	0.0412732425862641
4.68999999999994	0.0409355342800651
4.69999999999994	0.0406001880551264
4.70999999999994	0.0402671882449295
4.71999999999994	0.0399365192424072
4.72999999999994	0.0396081655001579
4.73999999999994	0.0392821115306473
4.74999999999994	0.0389583419064
4.75999999999994	0.0386368412601785
4.76999999999994	0.0383175942851525
4.77999999999994	0.0380005857350564
4.78999999999994	0.0376858004243367
4.79999999999994	0.0373732232282886
4.80999999999994	0.037062839083183
4.81999999999994	0.0367546329863823
4.82999999999994	0.0364485899964475
4.83999999999994	0.0361446952332344
4.84999999999994	0.0358429338779815
4.85999999999994	0.0355432911733871
4.86999999999994	0.0352457524236785
4.87999999999994	0.0349503029946709
4.88999999999994	0.0346569283138185
4.89999999999994	0.0343656138702557
4.90999999999994	0.0340763452148309
4.91999999999994	0.033789107960131
4.92999999999994	0.0335038877804975
4.93999999999994	0.0332206704120354
4.94999999999994	0.032939441652613
4.95999999999994	0.0326601873618546
4.96999999999994	0.0323828934611247
4.97999999999994	0.0321075459335058
4.98999999999994	0.0318341308237676
4.99999999999994	0.0315626342383294
5.00999999999994	0.031293042345215
5.01999999999994	0.0310253413740014
5.02999999999994	0.0307595176157596
5.03999999999994	0.0304955574229888
5.04999999999994	0.0302334472095444
5.05999999999994	0.0299731734505593
5.06999999999994	0.0297147226823583
5.07999999999994	0.0294580815023664
5.08999999999994	0.0292032365690117
5.09999999999994	0.0289501746016209
5.10999999999994	0.0286988823803098
5.11999999999994	0.0284493467458676
5.12999999999994	0.0282015545996356
5.13999999999993	0.0279554929033799
5.14999999999993	0.0277111486791591
5.15999999999993	0.0274685090091861
5.16999999999993	0.0272275610356852
5.17999999999993	0.0269882919607429
5.18999999999993	0.0267506890461551
5.19999999999993	0.0265147396132676
5.20999999999993	0.0262804310428131
5.21999999999993	0.0260477507747425
5.22999999999993	0.0258166863080518
5.23999999999993	0.0255872252006043
5.24999999999993	0.0253593550689482
5.25999999999993	0.0251330635881297
5.26999999999993	0.0249083384915021
5.27999999999993	0.0246851675705297
5.28999999999993	0.0244635386745886
5.29999999999993	0.0242434397107626
5.30999999999993	0.0240248586436351
5.31999999999993	0.0238077834950776
5.32999999999993	0.0235922023440337
5.33999999999993	0.0233781033262996
5.34999999999993	0.0231654746343005
5.35999999999993	0.0229543045168639
5.36999999999993	0.022744581278989
5.37999999999993	0.0225362932816122
5.38999999999993	0.0223294289413702
5.39999999999993	0.0221239767303582
5.40999999999993	0.0219199251758865
5.41999999999993	0.0217172628602322
5.42999999999993	0.0215159784203893
5.43999999999993	0.0213160605478142
5.44999999999993	0.0211174979881692
5.45999999999993	0.0209202795410624
5.46999999999993	0.0207243940597852
5.47999999999993	0.0205298304510465
5.48999999999993	0.0203365776747041
5.49999999999993	0.0201446247434936
5.50999999999993	0.0199539607227545
5.51999999999993	0.0197645747301535
5.52999999999993	0.0195764559354053
5.53999999999993	0.019389593559991
5.54999999999993	0.0192039768768738
5.55999999999993	0.0190195952102124
5.56999999999993	0.0188364379350721
5.57999999999993	0.0186544944771332
5.58999999999993	0.0184737543123974
5.59999999999993	0.0182942069668921
5.60999999999992	0.0181158420163722
5.61999999999992	0.0179386490860196
5.62999999999992	0.0177626178501413
5.63999999999992	0.0175877380318648
5.64999999999992	0.0174139994028313
5.65999999999992	0.0172413917828881
5.66999999999992	0.0170699050397773
5.67999999999992	0.0168995290888242
5.68999999999992	0.0167302538926231
5.69999999999992	0.0165620694607211
5.70999999999992	0.0163949658493004
5.71999999999992	0.0162289331608592
5.72999999999992	0.0160639615438899
5.73999999999992	0.0159000411925569
5.74999999999992	0.0157371623463714
5.75999999999992	0.0155753152898658
5.76999999999992	0.0154144903522657
5.77999999999992	0.0152546779071607
5.78999999999992	0.0150958683721735
5.79999999999992	0.014938052208628
5.80999999999992	0.0147812199212149
5.81999999999992	0.0146253620576571
5.82999999999992	0.014470469208373
5.83999999999992	0.0143165320061381
5.84999999999992	0.0141635411257465
5.85999999999992	0.0140114872836693
5.86999999999992	0.0138603612377135
5.87999999999992	0.0137101537866782
5.88999999999992	0.0135608557700105
5.89999999999992	0.0134124580674596
5.90999999999992	0.0132649515987297
5.91999999999992	0.0131183273231324
5.92999999999992	0.0129725762392369
5.93999999999992	0.0128276893845199
5.94999999999992	0.0126836578350138
5.95999999999992	0.0125404727049543
5.96999999999992	0.0123981251464265
5.97999999999992	0.0122566063490101
5.98999999999992	0.0121159075394234
5.99999999999992	0.0119760199811664
6.00999999999992	0.0118369349741633
6.01999999999992	0.0116986438544026
6.02999999999992	0.0115611379935781
6.03999999999992	0.0114244087987275
6.04999999999992	0.0112884477118704
6.05999999999992	0.0111532462096457
6.06999999999992	0.0110187958029476
6.07999999999991	0.0108850880365611
6.08999999999991	0.0107521144887961
6.09999999999991	0.010619866771121
6.10999999999991	0.010488336527795
6.11999999999991	0.0103575154355003
6.12999999999991	0.0102273952029723
6.13999999999991	0.0100979675706297
6.14999999999991	0.00996922431020362
6.15999999999991	0.00984115722436583
6.16999999999991	0.00971375814635591
6.17999999999991	0.00958701893960787
6.18999999999991	0.00946093149737583
6.19999999999991	0.00933548774235881
6.20999999999991	0.00921067962632476
6.21999999999991	0.00908649912973379
6.22999999999991	0.00896293826136053
6.23999999999991	0.00883998905791569
6.24999999999991	0.00871764358366688
6.25999999999991	0.00859589393005851
6.26999999999991	0.00847473221533101
6.27999999999991	0.00835415058413916
6.28999999999991	0.00823414120716969
6.29999999999991	0.00811469628075799
6.30999999999991	0.00799580802650417
6.31999999999991	0.00787746869088815
6.32999999999991	0.00775967054488414
6.33999999999991	0.00764240588357414
6.34999999999991	0.0075256670257608
6.35999999999991	0.00740944631357935
6.36999999999991	0.00729373611210888
6.37999999999991	0.00717852880898264
6.38999999999991	0.00706381681399769
6.39999999999991	0.00694959255872366
6.40999999999991	0.00683584849611074
6.41999999999991	0.00672257710009677
6.42999999999991	0.00660977086521368
6.43999999999991	0.00649742230619291
6.44999999999991	0.00638552395757015
6.45999999999991	0.00627406837328915
6.46999999999991	0.0061630481263048
6.47999999999991	0.0060524558081852
6.48999999999991	0.00594228402871308
6.49999999999991	0.00583252541548618
6.50999999999991	0.00572317261351689
6.51999999999991	0.00561421828483094
6.52999999999991	0.00550565510806525
6.53999999999991	0.00539747577806489
6.5499999999999	0.00528967300547911
6.5599999999999	0.00518223951635652
6.5699999999999	0.00507516805173929
6.5799999999999	0.00496845136725645
6.5899999999999	0.00486208223271631
6.5999999999999	0.00475605343169781
6.6099999999999	0.00465035776114105
6.6199999999999	0.00454498803093677
6.6299999999999	0.00443993706351484
6.6399999999999	0.00433519769343186
6.6499999999999	0.00423076276695761
6.6599999999999	0.00412662514166062
6.6699999999999	0.00402277768599264
6.6799999999999	0.00391921327887207
6.6899999999999	0.00381592480926637
6.6999999999999	0.00371290517577337
6.7099999999999	0.00361014728620154
6.7199999999999	0.0035076440571491
6.7299999999999	0.00340538841358208
6.7399999999999	0.0033033732884112
6.7499999999999	0.00320159162206769
6.7599999999999	0.00310003636207787
6.7699999999999	0.00299870046263656
6.7799999999999	0.00289757688417939
6.7899999999999	0.00279665859295382
6.7999999999999	0.00269593856058894
6.8099999999999	0.0025954097636641
6.8199999999999	0.00249506518327618
6.8299999999999	0.00239489780460569
6.8399999999999	0.00229490061648151
6.8499999999999	0.0021950666109443
6.8599999999999	0.0020953887828087
6.8699999999999	0.00199586012922399
6.8799999999999	0.00189647364923358
6.8899999999999	0.00179722234333296
6.8999999999999	0.00169809921302631
6.9099999999999	0.00159909726038169
6.9199999999999	0.00150020948758473
6.9299999999999	0.00140142889649089
6.9399999999999	0.00130274848817623
6.9499999999999	0.00120416126248662
6.9599999999999	0.00110566021758548
6.9699999999999	0.0010072383494999
6.9799999999999	0.000908888651665232
6.9899999999999	0.000810604114468025
6.9999999999999	0.000712377724787384
7	0.000712377724786355


0.1	0.09
0.11	0.0979149807616671
0.12	0.105661756568832
0.13	0.113243029878556
0.14	0.120661444948785
0.15	0.127919593255938
0.16	0.135020017598226
0.17	0.141965215290872
0.18	0.148757640716496
0.19	0.15539970740656
0.2	0.161893789774534
0.21	0.1682422245855
0.22	0.174447312222909
0.23	0.180511317796821
0.24	0.186436472126486
0.25	0.192224972622058
0.26	0.197878984084324
0.27	0.203400639437063
0.28	0.208792040403456
0.29	0.214055258135555
0.3	0.21919233380401
0.31	0.224205279153831
0.32	0.229096077030892
0.33	0.233866681882999
0.34	0.238519020238695
0.35	0.243054991166431
0.36	0.247476466716276
0.37	0.251785292346028
0.38	0.255983287333266
0.39	0.260072245174675
0.4	0.264053933973774
0.41	0.267930096818012
0.42	0.271702452146087
0.43	0.275372694106194
0.44	0.278942492905865
0.45	0.282413495153923
0.46	0.285787324195079
0.47	0.289065580437572
0.48	0.29224984167425
0.49	0.295341663397438
0.5	0.298342579107889
0.51	0.301254100618097
0.52	0.304077718350227
0.53	0.306814901628871
0.54	0.309467098968853
0.55	0.312035738358243
0.56	0.314522227536783
0.57	0.31692795426985
0.58	0.319254286618116
0.59	0.321502573203035
0.6	0.323674143468277
0.61	0.325770307937227
0.62	0.327792358466652
0.63	0.329741568496634
0.64	0.331619193296869
0.65	0.333426470209413
0.66	0.33516461888796
0.67	0.336834841533732
0.68	0.33843832312805
0.690000000000001	0.339976231661659
0.700000000000001	0.341449718360872
0.710000000000001	0.342859917910604
0.720000000000001	0.344207948674341
0.730000000000001	0.345494912911118
0.740000000000001	0.346721896989549
0.750000000000001	0.347889971598974
0.760000000000001	0.349000191957761
0.770000000000001	0.350053598018826
0.780000000000001	0.351051214672405
0.790000000000001	0.351994051946136
0.800000000000001	0.352883105202486
0.810000000000001	0.353719355333573
0.820000000000001	0.354503768953419
0.830000000000001	0.355237298587678
0.840000000000001	0.355920882860876
0.850000000000001	0.356555446681205
0.860000000000001	0.357141901422897
0.870000000000001	0.357681145106233
0.880000000000001	0.358174062575206
0.890000000000001	0.358621525672872
0.900000000000001	0.359024393414441
0.910000000000001	0.359383512158115
0.920000000000001	0.359699715773725
0.930000000000001	0.35997382580919
0.940000000000001	0.360206651654827
0.950000000000001	0.360398990705547
0.960000000000001	0.36055162852096
0.970000000000001	0.360665338983429
0.980000000000001	0.360740884454085
0.990000000000001	0.360779015926845
1	0.360780473180448
1.01	0.360745984928553
1.02	0.360676268967902
1.03	0.360572032324592
1.04	0.360433971398474
1.05	0.360262772105705
1.06	0.360059110019474
1.07	0.359823650508933
1.08	0.35955704887635
1.09	0.359259950492509
1.1	0.358932990930383
1.11	0.358576796097096
1.12	0.358191982364203
1.13	0.357779156696307
1.14	0.357338916778028
1.15	0.356871851139361
1.16	0.356378539279424
1.17	0.355859551788634
1.18	0.355315450469317
1.19	0.354746788454781
1.2	0.354154110326873
1.21	0.353537952232028
1.22	0.352898841995837
1.23	0.352237299236161
1.24	0.351553835474786
1.25	0.350848954247667
1.26	0.350123151213748
1.27	0.349376914262405
1.28	0.348610723619507
1.29	0.347825051952123
1.3	0.347020364471897
1.31	0.346197119037085
1.32	0.345355766253308
1.33	0.344496749572993
1.34	0.34362050539356
1.35	0.342727463154341
1.36	0.341818045432259
1.37	0.340892668036286
1.38	0.339951740100682
1.39	0.338995664177047
1.4	0.338024836325187
1.41	0.337039646202816
1.42	0.336040477154104
1.43	0.335027706297092
1.44	0.334001704609983
1.45	0.332962837016319
1.46	0.331911462469071
1.47	0.330847934033639
1.48	0.329772598969792
1.49	0.328685798812545
1.5	0.327587869452004
1.51	0.32647914121217
1.52	0.325359938928738
1.53	0.324230582025884
1.54	0.323091384592072
1.55	0.321942655454868
1.56	0.320784698254797
1.57	0.319617811518246
1.58	0.318442288729419
1.59	0.317258418401364
1.6	0.316066484146082
1.61	0.314866764743724
1.62	0.313659534210893
1.63	0.312445061868066
1.64	0.31122361240613
1.65	0.309995445952063
1.66	0.30876081813376
1.67	0.307519980144018
1.68	0.306273178803683
1.69	0.305020656623981
1.7	0.303762651868038
1.71	0.302499398611595
1.72	0.301231126802931
1.73	0.299958062322013
1.74	0.298680427038863
1.75	0.297398438871166
1.76	0.296112311841133
1.77	0.294822256131611
1.78	0.293528478141459
1.79	0.292231180540208
1.8	0.290930562321998
1.81	0.289626818858806
1.82	0.288320141952981
1.83	0.287010719889087
1.84	0.285698737485066
1.85	0.284384376142726
1.86	0.283067813897569
1.87	0.281749225467957
1.88	0.280428782303638
1.89	0.279106652633626
1.9	0.277783001513453
1.91	0.276457990871794
1.92	0.275131779556481
1.93	0.273804523379903
1.94	0.272476375163811
1.95	0.271147484783524
1.96	0.269817999211554
1.97	0.268488062560652
1.98	0.267157816126278
1.99	0.265827398428515
2	0.264496945253418
2.01	0.263166589693819
2.02	0.261836462189586
2.03	0.260506690567345
2.04	0.259177400079675
2.05	0.257848713443779
2.06	0.256520750879637
2.07	0.255193630147654
2.08	0.253867466585794
2.09	0.252542373146231
2.1	0.2512184604315
2.11	0.249895836730161
2.12	0.248574608051996
2.13	0.247254878162719
2.14	0.24593674861823
2.15	0.244620318798404
2.16	0.243305685940425
2.17	0.24199294517167
2.18	0.240682189542155
2.19	0.239373510056534
2.2	0.23806699570567
2.21	0.236762733497786
2.22	0.235460808489178
2.23	0.234161303814529
2.24	0.232864300716801
2.25	0.231569878576725
2.26	0.230278114941889
2.27	0.228989085555433
2.28	0.227702864384351
2.29	0.226419523647409
2.29999999999999	0.225139133842678
2.30999999999999	0.223861763774697
2.31999999999999	0.222587480581264
2.32999999999999	0.221316349759855
2.33999999999999	0.220048435193688
2.34999999999999	0.218783799177424
2.35999999999999	0.217522502442522
2.36999999999999	0.216264604182239
2.37999999999999	0.215010162076293
2.38999999999999	0.213759232315178
2.39999999999999	0.212511869624154
2.40999999999999	0.211268127286899
2.41999999999999	0.210028057168838
2.42999999999999	0.208791709740147
2.43999999999999	0.207559134098443
2.44999999999999	0.206330377991156
2.45999999999999	0.205105487837589
2.46999999999999	0.203884508750683
2.47999999999999	0.202667484558464
2.48999999999999	0.201454457825201
2.49999999999999	0.200245469872272
2.50999999999999	0.199040560798732
2.51999999999999	0.197839769501596
2.52999999999999	0.196643133695841
2.53999999999999	0.195450689934131
2.54999999999999	0.194262473626254
2.55999999999999	0.193078519058301
2.56999999999999	0.191898859411568
2.57999999999999	0.190723526781192
2.58999999999999	0.189552552194528
2.59999999999999	0.188385965629267
2.60999999999999	0.187223796031294
2.61999999999999	0.186066071332304
2.62999999999999	0.184912818467154
2.63999999999999	0.183764063390985
2.64999999999999	0.18261983109609
2.65999999999999	0.181480145628552
2.66999999999999	0.180345030104633
2.67999999999999	0.179214506726948
2.68999999999999	0.178088596800388
2.69999999999999	0.176967320747835
2.70999999999999	0.17585069812564
2.71999999999999	0.174738747638882
2.72999999999999	0.173631487156417
2.73999999999999	0.1725289337257
2.74999999999999	0.171431103587398
2.75999999999999	0.1703380121898
2.76999999999998	0.169249674203008
2.77999999999998	0.168166103532935
2.78999999999998	0.167087313335089
2.79999999999998	0.16601331602817
2.80999999999998	0.164944123307464
2.81999999999998	0.163879746158039
2.82999999999998	0.162820194867761
2.83999999999998	0.161765479040107
2.84999999999998	0.160715607606807
2.85999999999998	0.159670588840285
2.86999999999998	0.158630430365932
2.87999999999998	0.157595139174195
2.88999999999998	0.156564721632486
2.89999999999998	0.15553918349692
2.90999999999998	0.154518529923882
2.91999999999998	0.153502765481419
2.92999999999998	0.152491894160471
2.93999999999998	0.151485919385926
2.94999999999998	0.150484844027525
2.95999999999998	0.149488670410598
2.96999999999998	0.148497400326637
2.97999999999998	0.147511035043723
2.98999999999998	0.146529575316789
2.99999999999998	0.145553021397733
3.00999999999998	0.144581373045383
3.01999999999998	0.14361462953531
3.02999999999998	0.142652789669492
3.03999999999998	0.141695851785841
3.04999999999998	0.140743813767579
3.05999999999998	0.139796673052476
3.06999999999998	0.13885442664195
3.07999999999998	0.137917071110031
3.08999999999998	0.136984602612183
3.09999999999998	0.136057016893999
3.10999999999998	0.135134309299763
3.11999999999998	0.134216474780879
3.12999999999998	0.133303507904172
3.13999999999998	0.13239540286007
3.14999999999998	0.131492153470648
3.15999999999998	0.130593753197559
3.16999999999998	0.12970019514984
3.17999999999998	0.128811472091598
3.18999999999998	0.127927576449578
3.19999999999998	0.127048500320616
3.20999999999998	0.126174235478971
3.21999999999998	0.125304773383551
3.22999999999998	0.124440105185022
3.23999999999997	0.123580221732808
3.24999999999997	0.122725113581984
3.25999999999997	0.121874771000056
3.26999999999997	0.121029183973641
3.27999999999997	0.120188342215038
3.28999999999997	0.119352235168697
3.29999999999997	0.118520852017591
3.30999999999997	0.117694181689477
3.31999999999997	0.116872212863067
3.32999999999997	0.116054933974102
3.33999999999997	0.115242333221318
3.34999999999997	0.114434398572332
3.35999999999997	0.113631117769426
3.36999999999997	0.112832478335238
3.37999999999997	0.112038467578363
3.38999999999997	0.111249072598869
3.39999999999997	0.110464280293715
3.40999999999997	0.10968407736209
3.41999999999997	0.108908450310662
3.42999999999997	0.10813738545874
3.43999999999997	0.107370868943357
3.44999999999997	0.106608886724265
3.45999999999997	0.105851424588854
3.46999999999997	0.105098468156985
3.47999999999997	0.104350002885747
3.48999999999997	0.103606014074138
3.49999999999997	0.102866486867658
3.50999999999997	0.102131406262842
3.51999999999997	0.101400757111707
3.52999999999997	0.100674524126124
3.53999999999997	0.0999526918821276
3.54999999999997	0.0992352448241405
3.55999999999997	0.0985221672691375
3.56999999999997	0.0978134434107339
3.57999999999997	0.097109057323207
3.58999999999997	0.0964089929654494
3.59999999999997	0.095713234184855
3.60999999999997	0.0950217647211389
3.61999999999997	0.0943345682100927
3.62999999999997	0.0936516281872749
3.63999999999997	0.0929729280916387
3.64999999999997	0.0922984512690967
3.65999999999997	0.0916281809760245
3.66999999999997	0.0909621003827036
3.67999999999997	0.0903001925767042
3.68999999999997	0.0896424405662098
3.69999999999997	0.0889888272832828
3.70999999999996	0.0883393355870732
3.71999999999996	0.0876939482669713
3.72999999999996	0.0870526480457039
3.73999999999996	0.0864154175823763
3.74999999999996	0.08578223947546
3.75999999999996	0.0851530962657271
3.76999999999996	0.0845279704391325
3.77999999999996	0.0839068444296433
3.78999999999996	0.083289700622019
3.79999999999996	0.0826765213545395
3.80999999999996	0.0820672889216847
3.81999999999996	0.0814619855767651
3.82999999999996	0.0808605935345038
3.83999999999996	0.0802630949735719
3.84999999999996	0.0796694720390761
3.85999999999996	0.0790797068450011
3.86999999999996	0.0784937814766064
3.87999999999996	0.0779116779927782
3.88999999999996	0.0773333784283371
3.89999999999996	0.0767588647963028
3.90999999999996	0.0761881190901159
3.91999999999996	0.0756211232858173
3.92999999999996	0.075057859344186
3.93999999999996	0.0744983092128365
3.94999999999996	0.0739424548282754
3.95999999999996	0.0733902781179185
3.96999999999996	0.0728417610020684
3.97999999999996	0.0722968853958542
3.98999999999996	0.0717556332111324
3.99999999999996	0.0712179863583513
4.00999999999996	0.0706839267483775
4.01999999999996	0.0701534362942871
4.02999999999996	0.0696264969131203
4.03999999999996	0.0691030905276013
4.04999999999996	0.0685831990678231
4.05999999999996	0.0680668044728988
4.06999999999996	0.0675538886925781
4.07999999999996	0.0670444336888316
4.08999999999996	0.0665384214374024
4.09999999999996	0.0660358339293246
4.10999999999996	0.0655366531724113
4.11999999999996	0.0650408611927108
4.12999999999996	0.0645484400359318
4.13999999999996	0.0640593717688391
4.14999999999996	0.0635736384806186
4.15999999999996	0.0630912222842142
4.16999999999996	0.0626121053176341
4.17999999999996	0.0621362697452304
4.18999999999996	0.0616636977589496
4.19999999999995	0.0611943715795556
4.20999999999995	0.0607282734578261
4.21999999999995	0.0602653856757218
4.22999999999995	0.0598056905475295
4.23999999999995	0.0593491704209789
4.24999999999995	0.0588958076783345
4.25999999999995	0.0584455847374623
4.26999999999995	0.0579984840528708
4.27999999999995	0.0575544881167294
4.28999999999995	0.057113579459861
4.29999999999995	0.0566757406527128
4.30999999999995	0.0562409543063022
4.31999999999995	0.0558092030731413
4.32999999999995	0.0553804696481381
4.33999999999995	0.0549547367694757
4.34999999999995	0.0545319872194702
4.35999999999995	0.0541122038254063
4.36999999999995	0.0536953694603528
4.37999999999995	0.0532814670439568
4.38999999999995	0.0528704795432175
4.39999999999995	0.0524623899732403
4.40999999999995	0.0520571813979703
4.41999999999995	0.0516548369309079
4.42999999999995	0.0512553397358032
4.43999999999995	0.0508586730273337
4.44999999999995	0.050464820071762
4.45999999999995	0.0500737641875759
4.46999999999995	0.0496854887461105
4.47999999999995	0.0492999771721528
4.48999999999995	0.0489172129445288
4.49999999999995	0.0485371795966737
4.50999999999995	0.0481598607171851
4.51999999999995	0.0477852399503604
4.52999999999995	0.0474133009967168
4.53999999999995	0.0470440276134968
4.54999999999995	0.0466774036151567
4.55999999999995	0.0463134128738408
4.56999999999995	0.0459520393198397
4.57999999999995	0.0455932669420339
4.58999999999995	0.045237079788323
4.59999999999995	0.0448834619660404
4.60999999999995	0.0445323976423537
4.61999999999995	0.0441838710446511
4.62999999999995	0.0438378664609146
4.63999999999995	0.0434943682400794
4.64999999999995	0.0431533607923801
4.65999999999995	0.0428148285896841
4.66999999999994	0.0424787561658122
4.67999999999994	0.0421451281168464
4.68999999999994	0.0418139291014259
4.69999999999994	0.0414851438410304
4.70999999999994	0.041158757120252
4.71999999999994	0.0408347537870556
4.72999999999994	0.0405131187530266
4.73999999999994	0.0401938369936092
4.74999999999994	0.0398768935483319
4.75999999999994	0.0395622735210234
4.76999999999994	0.0392499620800168
4.77999999999994	0.0389399444583442
4.78999999999994	0.0386322059539207
4.79999999999994	0.0383267319297177
4.80999999999994	0.0380235078139272
4.81999999999994	0.037722519100116
4.82999999999994	0.0374237513473698
4.83999999999994	0.0371271901804289
4.84999999999994	0.0368328212898139
4.85999999999994	0.0365406304319425
4.86999999999994	0.0362506034292378
4.87999999999994	0.0359627261702275
4.88999999999994	0.0356769846096345
4.89999999999994	0.0353933647684595
4.90999999999994	0.0351118527340551
4.91999999999994	0.0348324346601917
4.92999999999994	0.0345550967671158
4.93999999999994	0.0342798253416003
4.94999999999994	0.034006606736987
4.95999999999994	0.0337354273732225
4.96999999999994	0.0334662737368855
4.97999999999994	0.0331991323812077
4.98999999999994	0.0329339899260877
4.99999999999994	0.0326708330580977
5.00999999999994	0.0324096485304832
5.01999999999994	0.032150423163157
5.02999999999994	0.0318931438426854
5.03999999999994	0.0316377975222691
5.04999999999994	0.0313843712217175
5.05999999999994	0.0311328520274165
5.06999999999994	0.0308832270922908
5.07999999999994	0.0306354836357601
5.08999999999994	0.0303896089436899
5.09999999999994	0.0301455903683358
5.10999999999994	0.0299034153282835
5.11999999999994	0.0296630713083821
5.12999999999994	0.0294245458596734
5.13999999999993	0.0291878265993147
5.14999999999993	0.0289529012104979
5.15999999999993	0.0287197574423627
5.16999999999993	0.0284883831099049
5.17999999999993	0.0282587660938807
5.18999999999993	0.0280308943407059
5.19999999999993	0.0278047558623504
5.20999999999993	0.0275803387362284
5.21999999999993	0.0273576311050847
5.22999999999993	0.0271366211768759
5.23999999999993	0.0269172972246484
5.24999999999993	0.0266996475864114
5.25999999999993	0.0264836606650068
5.26999999999993	0.0262693249279748
5.27999999999993	0.0260566289074155
5.28999999999993	0.0258455611998473
5.29999999999993	0.0256361104660617
5.30999999999993	0.0254282654309739
5.31999999999993	0.0252220148834706
5.32999999999993	0.0250173476762548
5.33999999999993	0.0248142527256859
5.34999999999993	0.0246127190116184
5.35999999999993	0.0244127355772362
5.36999999999993	0.0242142915288842
5.37999999999993	0.0240173760358975
5.38999999999993	0.023821978330427
5.39999999999993	0.0236280877072623
5.40999999999993	0.0234356935236525
5.41999999999993	0.0232447851991237
5.42999999999993	0.0230553522152938
5.43999999999993	0.0228673841156856
5.44999999999993	0.0226808705055367
5.45999999999993	0.0224958010516073
5.46999999999993	0.0223121654819855
5.47999999999993	0.0221299535858908
5.48999999999993	0.0219491552134749
5.49999999999993	0.0217697602756208
5.50999999999993	0.0215917587437393
5.51999999999993	0.0214151406495643
5.52999999999993	0.0212398960849454
5.53999999999993	0.0210660152016388
5.54999999999993	0.0208934882110969
5.55999999999993	0.0207223053842554
5.56999999999993	0.0205524570513194
5.57999999999993	0.020383933601547
5.58999999999993	0.0202167254830321
5.59999999999993	0.0200508232024852
5.60999999999992	0.0198862173250131
5.61999999999992	0.0197228984738964
5.62999999999992	0.0195608573303665
5.63999999999992	0.019400084633381
5.64999999999992	0.0192405711793971
5.65999999999992	0.0190823078221448
5.66999999999992	0.0189252854723983
5.67999999999992	0.0187694950977464
5.68999999999992	0.0186149277223616
5.69999999999992	0.0184615744267688
5.70999999999992	0.0183094263476116
5.71999999999992	0.0181584746774196
5.72999999999992	0.0180087106643729
5.73999999999992	0.0178601256120667
5.74999999999992	0.0177127108792752
5.75999999999992	0.0175664578797138
5.76999999999992	0.0174213580818014
5.77999999999992	0.0172774030084216
5.78999999999992	0.0171345842366833
5.79999999999992	0.0169928933976806
5.80999999999992	0.0168523221762517
5.81999999999992	0.0167128623107382
5.82999999999992	0.016574505592743
5.83999999999992	0.0164372438668877
5.84999999999992	0.0163010690305701
5.85999999999992	0.016165973033721
5.86999999999992	0.0160319478785599
5.87999999999992	0.0158989856193518
5.88999999999992	0.0157670783621619
5.89999999999992	0.0156362182646117
5.90999999999992	0.0155063975356334
5.91999999999992	0.0153776084352248
5.92999999999992	0.0152498432742038
5.93999999999992	0.0151230944139629
5.94999999999992	0.014997354266223
5.95999999999992	0.0148726152927875
5.96999999999992	0.0147488700052966
5.97999999999992	0.0146261109649802
5.98999999999992	0.0145043307824127
5.99999999999992	0.0143835221172656
6.00999999999992	0.0142636776780622
6.01999999999992	0.0141447902219306
6.02999999999992	0.0140268525543577
6.03999999999992	0.013909857528943
6.04999999999992	0.0137937980471523
6.05999999999992	0.0136786670580721
6.06999999999992	0.0135644575581632
6.07999999999991	0.0134511625910153
6.08999999999991	0.0133387752471012
6.09999999999991	0.0132272886635318
6.10999999999991	0.0131166960238106
6.11999999999991	0.0130069905575888
6.12999999999991	0.0128981655404209
6.13999999999991	0.0127902142935201
6.14999999999991	0.012683130183514
6.15999999999991	0.0125769066222012
6.16999999999991	0.0124715370663078
6.17999999999991	0.0123670150172437
6.18999999999991	0.0122633340208606
6.19999999999991	0.0121604876672092
6.20999999999991	0.0120584695902972
6.21999999999991	0.0119572734678477
6.22999999999991	0.0118568930210585
6.23999999999991	0.0117573220143606
6.24999999999991	0.0116585542551786
6.25999999999991	0.0115605835936907
6.26999999999991	0.0114634039225893
6.27999999999991	0.0113670091768424
6.28999999999991	0.011271393333455
6.29999999999991	0.0111765504112317
6.30999999999991	0.0110824744705394
6.31999999999991	0.0109891596130703
6.32999999999991	0.0108965999816064
6.33999999999991	0.0108047897597834
6.34999999999991	0.010713723171856
6.35999999999991	0.0106233944824637
6.36999999999991	0.0105337979963968
6.37999999999991	0.0104449280583635
6.38999999999991	0.0103567790527574
6.39999999999991	0.0102693454034256
6.40999999999991	0.0101826215734376
6.41999999999991	0.0100966020648547
6.42999999999991	0.0100112814185001
6.43999999999991	0.00992665421373028
6.44999999999991	0.00984271506820565
6.45999999999991	0.00975945863766351
6.46999999999991	0.00967687961569066
6.47999999999991	0.00959497273349715
6.48999999999991	0.00951373275969063
6.49999999999991	0.00943315450005148
6.50999999999991	0.0093532327973087
6.51999999999991	0.00927396253091646
6.52999999999991	0.00919533861683146
6.53999999999991	0.0091173560072911
6.5499999999999	0.00904000969059232
6.5599999999999	0.00896329469087126
6.5699999999999	0.00888720606788375
6.5799999999999	0.00881173891678648
6.5899999999999	0.00873688836791905
6.5999999999999	0.0086626495865868
6.6099999999999	0.00858901777284441
6.6199999999999	0.00851598816128037
6.6299999999999	0.00844355602080217
6.6399999999999	0.00837171665442242
6.6499999999999	0.00830046539904573
6.6599999999999	0.00822979762525639
6.6699999999999	0.00815970873710699
6.6799999999999	0.00809019417190775
6.6899999999999	0.00802124940001679
6.6999999999999	0.00795286992463117
6.7099999999999	0.00788505128157885
6.7199999999999	0.00781778903911146
6.7299999999999	0.0077510787976979
6.7399999999999	0.00768491618981889
6.7499999999999	0.00761929687976226
6.7599999999999	0.00755421656341922
6.7699999999999	0.00748967096808142
6.7799999999999	0.00742565585223892
6.7899999999999	0.00736216700537901
6.7999999999999	0.00729920024778592
6.8099999999999	0.00723675143034141
6.8199999999999	0.00717481643432621
6.8299999999999	0.00711339117122239
6.8399999999999	0.0070524715825166
6.8499999999999	0.00699205363950413
6.8599999999999	0.00693213334309394
6.8699999999999	0.00687270672361459
6.8799999999999	0.00681376984062092
6.8899999999999	0.00675531878270182
6.8999999999999	0.00669734966728871
6.9099999999999	0.00663985864046507
6.9199999999999	0.00658284187677669
6.9299999999999	0.00652629557904301
6.9399999999999	0.00647021597816919
6.9499999999999	0.00641459933295916
6.9599999999999	0.00635944192992956
6.9699999999999	0.00630474008312454
6.9799999999999	0.00625049013393153
6.9899999999999	0.00619668845089777
6.9999999999999	0.00614333142954794
7.00999999999989	0.00609041549220245
7.01999999999989	0.00603793708779686
7.02999999999989	0.005985892691702
7.03999999999989	0.00593427880554513
7.04999999999989	0.0058830919570319
7.05999999999989	0.00583232869976925
7.06999999999989	0.00578198561308922
7.07999999999989	0.0057320593018736
7.08999999999989	0.00568254639637954
7.09999999999989	0.00563344355206597
7.10999999999989	0.005584747449421
7.11999999999989	0.00553645479379018
7.12999999999989	0.00548856231520558
7.13999999999989	0.00544106676821587
7.14999999999989	0.00539396493171725
7.15999999999989	0.00534725360878518
7.16999999999989	0.00530092962650715
7.17999999999989	0.00525498983581618
7.18999999999989	0.00520943111132535
7.19999999999989	0.00516425035116306
7.20999999999989	0.00511944447680928
7.21999999999989	0.00507501043293264
7.22999999999989	0.00503094518722838
7.23999999999989	0.00498724573025722
7.24999999999989	0.00494390907528504
7.25999999999989	0.00490093225812348
7.26999999999989	0.00485831233697138
7.27999999999989	0.00481604639225713
7.28999999999989	0.0047741315264818
7.29999999999989	0.00473256486406323
7.30999999999989	0.00469134355118091
7.31999999999989	0.00465046475562175
7.32999999999989	0.00460992566662673
7.33999999999989	0.00456972349473829
7.34999999999989	0.00452985547164876
7.35999999999989	0.00449031885004945
7.36999999999989	0.00445111090348072
7.37999999999989	0.00441222892618281
7.38999999999989	0.00437367023294758
7.39999999999989	0.00433543215897101
7.40999999999989	0.00429751205970664
7.41999999999989	0.00425990731071975
7.42999999999989	0.00422261530754239
7.43999999999989	0.00418563346552931
7.44999999999989	0.00414895921971462
7.45999999999989	0.00411259002466931
7.46999999999989	0.00407652335435966
7.47999999999988	0.00404075670200631
7.48999999999988	0.00400528757994434
7.49999999999988	0.00397011351948397
7.50999999999988	0.00393523207077222
7.51999999999988	0.00390064080265531
7.52999999999988	0.00386633730254184
7.53999999999988	0.00383231917626686
7.54999999999988	0.00379858404795659
7.55999999999988	0.00376512955989413
7.56999999999988	0.00373195337238576
7.57999999999988	0.00369905316362819
7.58999999999988	0.00366642662957649
7.59999999999988	0.00363407148381285
7.60999999999988	0.00360198545741614
7.61999999999988	0.00357016629883215
7.62999999999988	0.00353861177374474
7.63999999999988	0.00350731966494763
7.64999999999988	0.00347628777221706
7.65999999999988	0.00344551391218513
7.66999999999988	0.00341499591821395
7.67999999999988	0.00338473164027056
7.68999999999988	0.00335471894480253
7.69999999999988	0.00332495571461437
7.70999999999988	0.0032954398487447
7.71999999999988	0.00326616926234412
7.72999999999988	0.0032371418865538
7.73999999999988	0.00320835566838492
7.74999999999988	0.00317980857059867
7.75999999999988	0.00315149857158717
7.76999999999988	0.00312342366525494
7.77999999999988	0.00309558186090124
7.78999999999988	0.00306797118310302
7.79999999999988	0.00304058967159865
7.80999999999988	0.00301343538117232
7.81999999999988	0.0029865063815392
7.82999999999988	0.00295980075723127
7.83999999999988	0.00293331660748384
7.84999999999988	0.00290705204612282
7.85999999999988	0.00288100520145263
7.86999999999988	0.00285517421614481
7.87999999999988	0.00282955724712737
7.88999999999988	0.00280415246547478
7.89999999999988	0.00277895805629862
7.90999999999988	0.00275397221863895
7.91999999999988	0.00272919316535637
7.92999999999988	0.00270461912302469
7.93999999999988	0.00268024833182428
7.94999999999987	0.00265607904543616
7.95999999999987	0.00263210953093663
7.96999999999987	0.00260833806869266
7.97999999999987	0.00258476295225787
7.98999999999987	0.00256138248826917
7.99999999999987	0.00253819499634409
8.00999999999987	0.00251519880897869
8.01999999999987	0.00249239227144613
8.02999999999987	0.00246977374169591
8.03999999999987	0.00244734159025367
8.04999999999987	0.00242509420012171
8.05999999999987	0.00240302996668003
8.06999999999987	0.00238114729758809
8.07999999999987	0.00235944461268713
8.08999999999987	0.00233792034390308
8.09999999999987	0.00231657293515016
8.10999999999987	0.00229540084223502
8.11999999999987	0.00227440253276152
8.12999999999987	0.00225357648603605
8.13999999999987	0.00223292119297356
8.14999999999987	0.00221243515600402
8.15999999999987	0.00219211688897966
8.16999999999987	0.00217196491708259
8.17999999999987	0.00215197777673321
8.18999999999987	0.00213215401549899
8.19999999999987	0.00211249219200402
8.20999999999987	0.00209299087583896
8.21999999999987	0.0020736486474717
8.22999999999987	0.00205446409815846
8.23999999999987	0.00203543582985555
8.24999999999987	0.00201656245513164
8.25999999999987	0.00199784259708055
8.26999999999987	0.00197927488923469
8.27999999999987	0.00196085797547892
8.28999999999987	0.00194259050996506
8.29999999999987	0.00192447115702686
8.30999999999987	0.00190649859109557
8.31999999999987	0.001888671496616
8.32999999999987	0.00187098856796309
8.33999999999987	0.00185344850935909
8.34999999999987	0.00183605003479115
8.35999999999987	0.00181879186792951
8.36999999999987	0.00180167274204618
8.37999999999987	0.00178469139993412
8.38999999999987	0.00176784659382692
8.39999999999987	0.00175113708531903
8.40999999999987	0.00173456164528644
8.41999999999986	0.00171811905380785
8.42999999999986	0.00170180810008643
8.43999999999986	0.00168562758237193
8.44999999999986	0.00166957630788336
8.45999999999986	0.00165365309273216
8.46999999999986	0.00163785676184584
8.47999999999986	0.00162218614889202
8.48999999999986	0.00160664009620307
8.49999999999986	0.00159121745470114
8.50999999999986	0.00157591708382365
8.51999999999986	0.00156073785144929
8.52999999999986	0.00154567863382446
8.53999999999986	0.00153073831549012
8.54999999999986	0.00151591578920917
8.55999999999986	0.00150120995589423
8.56999999999986	0.00148661972453588
8.57999999999986	0.00147214401213133
8.58999999999986	0.00145778174361355
8.59999999999986	0.00144353185178081
8.60999999999986	0.00142939327722667
8.61999999999986	0.00141536496827043
8.62999999999986	0.0014014458808879
8.63999999999986	0.00138763497864273
8.64999999999986	0.00137393123261806
8.65999999999986	0.00136033362134862
8.66999999999986	0.00134684113075324
8.67999999999986	0.0013334527540678
8.68999999999986	0.0013201674917785
8.69999999999986	0.00130698435155563
8.70999999999986	0.00129390234818769
8.71999999999986	0.00128092050351589
8.72999999999986	0.00126803784636912
8.73999999999986	0.00125525341249919
8.74999999999986	0.00124256624451656
8.75999999999986	0.00122997539182643
8.76999999999986	0.00121747991056515
8.77999999999986	0.00120507886353708
8.78999999999986	0.00119277132015183
8.79999999999986	0.00118055635636175
8.80999999999986	0.00116843305459996
8.81999999999986	0.0011564005037186
8.82999999999986	0.00114445779892754
8.83999999999986	0.00113260404173336
8.84999999999986	0.00112083833987879
8.85999999999986	0.00110915980728237
8.86999999999986	0.0010975675639786
8.87999999999986	0.00108606073605832
8.88999999999985	0.00107463845560949
8.89999999999985	0.0010632998606583
8.90999999999985	0.00105204409511062
8.91999999999985	0.00104087030869375
8.92999999999985	0.00102977765689853
8.93999999999985	0.0010187653009218
8.94999999999985	0.00100783240760913
8.95999999999985	0.00099697814939787
8.96999999999985	0.000986201704260599
8.97999999999985	0.000975502255648785
8.98999999999985	0.000964878992436819
8.99999999999985	0.000954331108866337
9.00999999999985	0.00094385780449085
9.01999999999985	0.000933458284120678
9.02999999999985	0.000923131757768178
9.03999999999985	0.000912877440593273
9.04999999999985	0.00090269455284927
9.05999999999985	0.000892582319828971
9.06999999999985	0.000882539971811071
9.07999999999985	0.000872566744006835
9.08999999999985	0.000862661876507066
9.09999999999985	0.000852824614229337
9.10999999999985	0.000843054206865512
9.11999999999985	0.000833349908829531
9.12999999999985	0.000823710979205463
9.13999999999985	0.000814136681695834
9.14999999999985	0.000804626284570206
9.15999999999985	0.000795179060614028
9.16999999999985	0.000785794287077735
9.17999999999985	0.000776471245626106
9.18999999999985	0.000767209222287876
9.19999999999985	0.000758007507405589
9.20999999999985	0.000748865395585703
9.21999999999985	0.000739782185648935
9.22999999999985	0.000730757180580849
9.23999999999985	0.000721789687482672
9.24999999999985	0.000712879017522361
9.25999999999985	0.000704024485885879
9.26999999999985	0.000695225411728719
9.27999999999985	0.000686481118127644
9.28999999999985	0.000677790932032646
9.29999999999985	0.000669154184219135
9.30999999999985	0.000660570209240339
9.31999999999985	0.000652038345379914
9.32999999999985	0.000643557934604772
9.33999999999985	0.000635128322518117
9.34999999999985	0.000626748858312678
9.35999999999984	0.000618418894724156
9.36999999999984	0.000610137787984863
9.37999999999984	0.00060190489777756
9.38999999999984	0.000593719587189488
9.39999999999984	0.000585581222666595
9.40999999999984	0.000577489173967943
9.41999999999984	0.000569442814120312
9.42999999999984	0.000561441519372972
9.43999999999984	0.00055348466915265
9.44999999999984	0.000545571646018663
9.45999999999984	0.000537701835618233
9.46999999999984	0.000529874626641969
9.47999999999984	0.000522089410779515
9.48999999999984	0.000514345582675378
9.49999999999984	0.000506642539884897
9.50999999999984	0.000498979682830394
9.51999999999984	0.000491356414757469
9.52999999999984	0.000483772141691455
9.53999999999984	0.000476226272394024
9.54999999999984	0.00046871821831994
9.55999999999984	0.000461247393573966
9.56999999999984	0.000453813214867904
9.57999999999984	0.000446415101477786
9.58999999999984	0.000439052475201195
9.59999999999984	0.000431724760314726
9.60999999999984	0.000424431383531581
9.61999999999984	0.000417171773959287
9.62999999999984	0.000409945363057549
9.63999999999984	0.000402751584596223
9.64999999999984	0.000395589874613411
9.65999999999984	0.000388459671373674
9.66999999999984	0.000381360415326365
9.67999999999984	0.000374291549064068
9.68999999999984	0.000367252517281158
9.69999999999984	0.000360242766732455
9.70999999999984	0.000353261746191999
9.71999999999984	0.00034630890641191
9.72999999999984	0.000339383700081364
9.73999999999984	0.000332485581785652
9.74999999999984	0.00032561400796534
9.75999999999984	0.000318768436875523
9.76999999999984	0.000311948328545157
9.77999999999984	0.000305153144736486
9.78999999999984	0.000298382348904549
9.79999999999984	0.000291635406156765
9.80999999999984	0.000284911783212597
9.81999999999984	0.000278210948363292
9.82999999999983	0.00027153237143169
9.83999999999983	0.000264875523732102
9.84999999999983	0.000258239878030257
9.85999999999983	0.000251624908503308
9.86999999999983	0.000245030090699907
9.87999999999983	0.000238454901500323
9.88999999999983	0.000231898819076631
9.89999999999983	0.000225361322852945
9.90999999999983	0.000218841893465699
9.91999999999983	0.00021234001272398
9.92999999999983	0.0002058551635699
9.93999999999983	0.000199386830039012
9.94999999999983	0.000192934497220764
9.95999999999983	0.000186497651218985
9.96999999999983	0.000180075779112412
9.97999999999983	0.000173668368915232
9.98999999999983	0.000167274909537669
9.99999999999983	0.00016089489074658
10	0.000160894890746472


