0	3.04159265358979	0
0.01	3.04156771498773	-0.00498584982929891
0.02	3.04149296983095	-0.00996172806788588
0.03	3.04136850533964	-0.0149301320876549
0.04	3.04119438381141	-0.0198935492367382
0.05	3.0409706427154	-0.0248544580633924
0.06	3.04069729477419	-0.0298153295322123
0.07	3.0403743280336	-0.0347786282331154
0.08	3.04000170592041	-0.0397468135835302
0.09	3.03957936728811	-0.0447223410242199
0.1	3.0391072264507	-0.0497076632091633
0.11	3.03858517320463	-0.0547052311899097
0.12	3.03801307283894	-0.0597174955948164
0.13	3.03739076613361	-0.0647469078035699
0.14	3.03671806934617	-0.0697959211173807
0.15	3.03599477418669	-0.0748669919252361
0.16	3.03522064778107	-0.0799625808665813
0.17	3.03439543262269	-0.0850851539907909
0.18	3.03351884651263	-0.0902371839137804
0.19	3.03259058248811	-0.095421150972094
0.2	3.03161030873961	-0.100639544374794
0.21	3.03057766851636	-0.105894863353462
0.22	3.02949228002037	-0.111189618310605
0.23	3.028353736289	-0.116526331966747
0.24	3.02716160506604	-0.12190754050647
0.25	3.02591542866133	-0.127335794723651
0.26	3.02461472379897	-0.132813661166105
0.27	3.02325898145402	-0.138343723279866
0.28	3.02184766667784	-0.143928582553261
0.29	3.02038021841194	-0.149570859660962
0.3	3.01885604929035	-0.155273195608131
0.31	3.01727454543067	-0.161038252874783
0.32	3.01563506621352	-0.16686871656044
0.33	3.01393694405067	-0.172767295529139
0.34	3.01217948414165	-0.178736723554797
0.35	3.01036196421895	-0.184779760466943
0.36	3.00848363428169	-0.190899193296749
0.37	3.00654371631789	-0.197097837423294
0.38	3.00454140401528	-0.20337853771991
0.39	3.0024758624606	-0.209744169700468
0.4	3.00034622782747	-0.21619764066537
0.41	2.99815160705281	-0.222741890846984
0.42	2.99589107750178	-0.229379894554221
0.43	2.9935636866213	-0.236114661315864
0.44	2.99116845158216	-0.242949237022236
0.45	2.98870435890968	-0.249886705064691
0.46	2.98617036410302	-0.256930187472401
0.47	2.98356539124314	-0.264082846045776
0.48	2.98088833258943	-0.271347883485828
0.49	2.97813804816508	-0.278728544518688
0.5	2.97531336533123	-0.286228117014402
0.51	2.97241307834997	-0.293849933099036
0.52	2.96943594793623	-0.301597370259042
0.53	2.96638070079871	-0.3094738524367
0.54	2.96324602916988	-0.317482851115379
0.55	2.96003059032521	-0.325627886393211
0.56	2.95673300609166	-0.333912528043668
0.57	2.95335186234574	-0.342340396561393
0.58	2.94988570850109	-0.350915164191486
0.59	2.94633305698595	-0.359640555940325
0.6	2.94269238271053	-0.368520350565795
0.61	2.93896212252469	-0.377558381544691
0.62	2.93514067466597	-0.386758538014829
0.63	2.9312263981984	-0.396124765689229
0.64	2.92721761244234	-0.405661067739554
0.65	2.92311259639555	-0.41537150564573
0.66	2.91890958814607	-0.425260200008488
0.67	2.91460678427709	-0.435331331321307
0.68	2.91020233926434	-0.445589140697991
0.69	2.90569436486647	-0.456037930551827
0.7	2.90108092950887	-0.466682065222028
0.71	2.8963600576615	-0.477525971542806
0.72	2.89152972921137	-0.488574139350148
0.73	2.88658787883026	-0.499831121921015
0.74	2.88153239533842	-0.51130153633932
0.75	2.87636112106499	-0.522990063782675
0.76	2.87107185120601	-0.534901449723503
0.77	2.86566233318081	-0.547040504037683
0.78	2.86013026598786	-0.559412101013463
0.79	2.85447329956107	-0.572021179252907
0.8	2.84868903412758	-0.584872741457659
0.81	2.84277501956838	-0.597971854090283
0.820000000000001	2.83672875478296	-0.611323646901913
0.830000000000001	2.83054768705932	-0.624933312316358
0.840000000000001	2.82422921145104	-0.638806104660233
0.850000000000001	2.81777067016271	-0.652947339228055
0.860000000000001	2.81116935194571	-0.667362391170579
0.870000000000001	2.80442249150597	-0.682056694193975
0.880000000000001	2.79752726892574	-0.697035739056738
0.890000000000001	2.79048080910151	-0.712305071850462
0.900000000000001	2.78328018120021	-0.727870292049833
0.910000000000001	2.77592239813614	-0.743737050316402
0.920000000000001	2.7684044160712	-0.759911046039832
0.930000000000001	2.76072313394102	-0.776398024599451
0.940000000000001	2.75287539301003	-0.793203774328043
0.950000000000001	2.74485797645839	-0.810334123158854
0.960000000000001	2.73666760900415	-0.827794934935827
0.970000000000001	2.72830095656409	-0.845592105366092
0.980000000000001	2.71975462595687	-0.863731557592692
0.990000000000001	2.71102516465249	-0.88221923736449
1	2.70210906057218	-0.901061107779106
1.01	2.69300274194301	-0.920263143573663
1.02	2.68370257721207	-0.939831324936971
1.03	2.67420487502498	-0.959771630815674
1.04	2.664505884274	-0.980090031685738
1.05	2.65460179422118	-1.00079248175952
1.06	2.6444887347025	-1.02188491059749
1.07	2.63416277641887	-1.04337321409264
1.08	2.62361993132063	-1.06526324479434
1.09	2.61285615309227	-1.08756080153751
1.1	2.60186733774444	-1.11027161834178
1.11	2.5906493243208	-1.13340135254441
1.12	2.57919789572748	-1.15695557212976
1.13	2.56750877969347	-1.18093974221732
1.14	2.55557764987051	-1.2053592106694
1.15	2.54340012708136	-1.23021919277919
1.16	2.53097178072613	-1.25552475499916
1.17	2.51828813035611	-1.28128079766955
1.18	2.50534464742563	-1.3074920367065
1.19	2.49213675723231	-1.33416298420943
1.2	2.47865984105685	-1.36129792794755
1.21	2.46490923851372	-1.38890090968592
1.22	2.45088025012458	-1.4169757023124
1.23	2.4365681401265	-1.44552578572789
1.24	2.42196813952772	-1.47455432146408
1.25	2.40707544942365	-1.50406412599462
1.26	2.39188524458645	-1.53405764270839
1.27	2.37639267734174	-1.56453691251634
1.28	2.36059288174608	-1.59550354306697
1.29	2.34448097807943	-1.62695867654981
1.3	2.32805207766666	-1.65890295607086
1.31	2.31130128804247	-1.6913364905898
1.32	2.29422371847421	-1.72425881841491
1.33	2.27681448585691	-1.75766886925899
1.34	2.25906872099491	-1.79156492486769
1.35	2.24098157528426	-1.82594457824049
1.36	2.22254822780981	-1.8608046914751
1.37	2.20376389287065	-1.89614135227676
1.38	2.18462382794678	-1.93194982918655
1.39	2.16512334211975	-1.96822452559618
1.4	2.14525780495878	-2.00495893263131
1.41	2.12502265588343	-2.04214558100163
1.42	2.10441341401232	-2.07977599193298
1.43	2.08342568850665	-2.11784062731527
1.44	2.06205518941554	-2.15632883922
1.45	2.04029773902859	-2.19522881896192
1.46	2.01814928373931	-2.23452754590196
1.47	1.99560590642088	-2.27421073621194
1.48	1.97266383931348	-2.31426279184603
1.49	1.94931947741977	-2.35466674998997
1.5	1.92556939240217	-2.39540423328486
1.51	1.90141034697279	-2.43645540115011
1.52	1.87683930976313	-2.47779890255737
1.53	1.85185347065724	-2.5194118306353
1.54	1.82645025656794	-2.56126967951287
1.55	1.80062734763168	-2.6033463038365
1.56	1.77438269379291	-2.64561388142284
1.57	1.74771453174421	-2.68804287953491
1.58	1.72062140218345	-2.73060202529339
1.59	1.69310216734393	-2.77325828075652
1.6	1.66515602874808	-2.81597682322184
1.61	1.63678254512966	-2.85872103131881
1.62	1.60798165046367	-2.90145247747402
1.63	1.57875367203734	-2.94413092733813
1.64	1.54909934848945	-2.98671434676709
1.65	1.51901984773974	-3.02915891694654
1.66	1.48851678472385	-3.07141905823935
1.67	1.45759223884387	-3.11344746331944
1.68	1.42624877103883	-3.15519514013071
1.69	1.39448944037435	-3.19661146517754
1.7	1.36231782004579	-3.23764424761158
1.71	1.32973801268479	-3.27823980452903
1.72	1.29675466485527	-3.31834304783211
1.73	1.26337298062182	-3.35789758293838
1.74	1.22959873407082	-3.39684581954147
1.75	1.19543828066324	-3.43512909453661
1.76	1.16089856729719	-3.47268780712546
1.77	1.12598714095896	-3.50946156600566
1.78	1.09071215584246	-3.54538934843398
1.79	1.05508237882011	-3.58040967082762
1.8	1.01910719315185	-3.61446077043732
1.81	0.982796600324524	-3.64748079749054
1.82	0.946161219920528	-3.67940801706396
1.83	0.909212287422663	-3.71018101980401
1.84	0.871961649871775	-3.7397389404743
1.85	0.834421759304542	-3.76802168317122
1.86	0.796605663911088	-3.79497015191718
1.87	0.758526996865631	-3.8205264852154
1.88	0.720199962798106	-3.84463429303599
1.89	0.681639321890534	-3.86723889459969
1.9	0.64286037159871	-3.8882875552385
1.91	0.603878926017335	-3.90772972054148
1.92	0.564711292924932	-3.92551724594242
1.93	0.525374248563472	-3.94160461987622
1.94	0.485885010226437	-3.95594917862258
1.95	0.44626120674779	-3.96851131097227
1.96	0.406520847002796	-3.97925465089208
1.97	0.366682286549555	-3.98814625643025
1.98	0.32676419255727	-3.99515677319555
1.99	0.286785507183382	-4.00026058085796
2	0.246765409576532	-4.00343592125748
2.01	0.206723276695702	-4.00466500686743
2.02	0.166678643147496	-4.00393410853792
2.03	0.126651160253336	-4.00123362164146
2.04	0.0866605545660637	-3.99655810995283
2.05	0.0467265860610247	-3.98990632681615
2.06	0.00686900623005918	-3.98128121338063
2.07	-0.0328924836921682	-3.97068987391753
2.08	-0.0725382741413365	-3.95814352846315
2.09	-0.112048888051569	-3.94365744325945
2.1	-0.151405020879725	-3.92725083968444
2.11	-0.190587579615106	-3.90894678257296
2.12	-0.229577720573824	-3.88877204902323
2.13	-0.268356885788876	-3.86675697896182
2.14	-0.306906837820585	-3.8429353088973
2.15	-0.345209692826972	-3.81734399042907
2.16	-0.383247951749969	-3.79002299519006
2.17	-0.421004529490544	-3.76101510799067
2.18	-0.458462781963889	-3.73036570999436
2.19	-0.495606530944295	-3.69812255379362
2.2	-0.532420086628135	-3.66433553226879
2.21	-0.568888267862159	-3.62905644310187
2.22	-0.604996420002885	-3.59233875078501
2.23	-0.640730430391023	-3.55423734790971
2.24	-0.676076741442359	-3.51480831745006
2.25	-0.711022361373261	-3.4741086976642
2.26	-0.745554872594662	-3.43219625113398
2.27	-0.779662437823037	-3.38912923934672
2.28	-0.813333803970285	-3.34496620409728
2.29	-0.846558303886563	-3.29976575685583
2.29999999999999	-0.879325856040885	-3.25358637710892
2.30999999999999	-0.911626962233669	-3.20648622054142
2.31999999999999	-0.943452703443397	-3.1585229377867
2.32999999999999	-0.97479473391613	-3.10975350433361
2.33999999999999	-1.00564527361182	-3.06023406204396
2.34999999999999	-1.03599709912524	-3.01001977260418
2.35999999999999	-1.06584353320202	-2.95916468311126
2.36999999999999	-1.09517843297156	-2.90772160387732
2.37999999999999	-1.12399617701908	-2.85574199842961
2.38999999999999	-1.15229165141812	-2.80327588558461
2.39999999999999	-1.18006023484338	-2.7503717533858
2.40999999999999	-1.20729778288103	-2.69707648461636
2.41999999999999	-1.23400061165058	-2.64343529352856
2.42999999999999	-1.26016548084838	-2.58949167337274
2.43999999999999	-1.28578957631854	-2.53528735425932
2.44999999999999	-1.31087049225198	-2.48086227084661
2.45999999999999	-1.33540621310926	-2.42625453931614
2.46999999999999	-1.35939509535735	-2.37150044307373
2.47999999999999	-1.3828358491045	-2.31663442659894
2.48999999999999	-1.40572751971201	-2.26168909685727
2.49999999999999	-1.42806946945547	-2.20669523168719
2.50999999999999	-1.44986135930228	-2.15168179457758
2.51999999999999	-1.47110313086649	-2.09667595526025
2.52999999999999	-1.49179498859636	-2.04170311555467
2.53999999999999	-1.51193738224422	-1.9867869399194
2.54999999999999	-1.53153098966332	-1.93194939018427
2.55999999999999	-1.55057669997067	-1.87721076396011
2.56999999999999	-1.56907559711049	-1.82258973624736
2.57999999999999	-1.58702894384769	-1.7681034037909
2.58999999999999	-1.60443816621701	-1.71376733175589
2.59999999999999	-1.62130483844871	-1.6595956023271
2.60999999999999	-1.63763066838842	-1.60560086486252
2.61999999999999	-1.65341748342484	-1.55179438726041
2.62999999999999	-1.66866721693581	-1.49818610822674
2.63999999999999	-1.68338189526045	-1.44478469015765
2.64999999999999	-1.69756362520202	-1.39159757237827
2.65999999999999	-1.71121458206403	-1.3386310245051
2.66999999999999	-1.72433699821969	-1.28589019972419
2.67999999999999	-1.73693315221294	-1.23337918780117
2.68999999999999	-1.74900535838758	-1.18110106766175
2.69999999999999	-1.76055595703947	-1.12905795940273
2.70999999999999	-1.77158730508541	-1.07725107561388
2.71999999999999	-1.78210176724151	-1.0256807719096
2.72999999999999	-1.7921017077024	-0.974346596587148
2.73999999999999	-1.80158948231252	-0.923247339344326
2.74999999999999	-1.81056743121955	-0.872381079004711
2.75999999999999	-1.81903787200006	-0.821745230212233
2.76999999999998	-1.82700309324672	-0.771336589069701
2.77999999999998	-1.83446534860673	-0.72115137770733
2.78999999999998	-1.84142685126036	-0.671185287777828
2.79999999999998	-1.84788976882926	-0.621433522884019
2.80999999999998	-1.85385621870369	-0.571890839953447
2.81999999999998	-1.85932826377833	-0.522551589581956
2.82999999999998	-1.86430790858647	-0.473409755374888
2.83999999999998	-1.86879709582282	-0.424458992320439
2.84999999999998	-1.87279770324525	-0.375692664234795
2.85999999999998	-1.87631154094664	-0.327103880323068
2.86999999999998	-1.87934034898805	-0.27868553090377
2.87999999999998	-1.88188579538519	-0.230430322347694
2.88999999999998	-1.88394947444055	-0.182330811284564
2.89999999999998	-1.8855329054142	-0.134379438132832
2.90999999999998	-1.88663753152668	-0.0865685600094642
2.91999999999998	-1.88726471928822	-0.038890483077567
2.92999999999998	-1.88741575814877	0.00866250560973172
2.93999999999998	-1.88709186046427	0.0560981067106167
2.94999999999998	-1.88629416177488	0.103423977582856
2.95999999999998	-1.88502372139166	0.150647701601398
2.96999999999998	-1.88328152328863	0.197776757748708
2.97999999999998	-1.88106847729781	0.244818490422658
2.98999999999998	-1.87838542060536	0.291780079408502
2.99999999999998	-1.87523311954734	0.338668509963615
3.00999999999998	-1.87161227170423	0.385490542966049
3.01999999999998	-1.86752350829396	0.432252685080813
3.02999999999998	-1.86296739686328	0.478961158900906
3.03999999999998	-1.85794444427797	0.525621873023609
3.04999999999998	-1.8524551000129	0.572240392026467
3.05999999999998	-1.84649975974284	0.618821906311591
3.06999999999998	-1.84007876923566	0.665371201791562
3.07999999999998	-1.83319242854952	0.711892629395237
3.08999999999998	-1.82584099653601	0.758390074377218
3.09999999999998	-1.81802469565119	0.804866925420579
3.10999999999998	-1.80974371707668	0.851326043528769
3.11999999999998	-1.80099822615287	0.897769730709353
3.12999999999998	-1.79178836812626	0.944199698459453
3.13999999999998	-1.78211427421297	0.990617036070436
3.14999999999998	-1.77197606797984	1.03702217877757
3.15999999999998	-1.76137387204485	1.08341487578898
3.16999999999998	-1.75030781509752	1.12979415823739
3.17999999999998	-1.73877803924009	1.17615830710773
3.18999999999998	-1.72678470764916	1.22250482120374
3.19999999999998	-1.71432801255731	1.26883038522739
3.20999999999998	-1.70140818355286	1.31513083805568
3.21999999999998	-1.68802549619562	1.36140114131099
3.22999999999998	-1.6741802809449	1.40763534833289
3.23999999999997	-1.65987293239543	1.45382657367138
3.24999999999997	-1.64510391881505	1.49996696323395
3.25999999999997	-1.62987379197718	1.54604766523152
3.26999999999997	-1.61418319727914	1.59205880208105
3.27999999999997	-1.59803288413592	1.63798944343533
3.28999999999997	-1.58142371663734	1.68382758052337
3.29999999999997	-1.56435668445435	1.72956010199724
3.30999999999997	-1.54683291397854	1.77517277149362
3.31999999999997	-1.52885367967649	1.82065020713002
3.32999999999997	-1.51042041563859	1.86597586316698
3.33999999999997	-1.49153472729936	1.91113201407797
3.34999999999997	-1.47219840330396	1.95609974127815
3.35999999999997	-1.45241342749315	2.00085892277151
3.36999999999997	-1.43218199097594	2.04538822598278
3.37999999999997	-1.41150650425699	2.08966510404602
3.38999999999997	-1.39038960938259	2.13366579582489
3.39999999999997	-1.36883419206673	2.17736532994154
3.40999999999997	-1.34684339375559	2.2207375330896
3.41999999999997	-1.32442062358639	2.26375504290377
3.42999999999997	-1.30156957019367	2.3063893256519
3.43999999999997	-1.27829421331343	2.3486106990064
3.44999999999997	-1.25459883513314	2.39038836013906
3.45999999999997	-1.23048803133322	2.43169041936773
3.46999999999997	-1.20596672176344	2.4724839395634
3.47999999999997	-1.18104016069566	2.51273498150302
3.48999999999997	-1.15571394659259	2.55240865532646
3.49999999999997	-1.129994031331	2.59146917822452
3.50999999999997	-1.10388672881643	2.62987993845004
3.51999999999997	-1.07739872292597	2.66760356570548
3.52999999999997	-1.0505370747152	2.70460200791703
3.53999999999997	-1.02330922882558	2.74083661435971
3.54999999999997	-0.995723019029209	2.77626822504737
3.55999999999997	-0.96778667284887	2.81085726624944
3.56999999999997	-0.939508815193077	2.84456385194015
3.57999999999997	-0.910898470947998	2.87734789092848
3.58999999999997	-0.881965066470931	2.90916919935755
3.59999999999997	-0.852718429933475	2.93998761820172
3.60999999999997	-0.82316879046652	2.96976313532835
3.61999999999997	-0.793326776063816	2.99845601163103
3.62999999999997	-0.763203410206143	3.02602691068118
3.63999999999997	-0.732810107173888	3.05243703128752
3.64999999999997	-0.702158666022241	3.07764824229837
3.65999999999997	-0.671261263200112	3.10162321893052
3.66999999999997	-0.640130443801294	3.12432557986236
3.67999999999997	-0.608779111444193	3.14572002428805
3.68999999999997	-0.577220516784703	3.16577246809508
3.69999999999997	-0.545468244675266	3.18445017830058
3.70999999999996	-0.513536199991969	3.20172190486205
3.71999999999996	-0.481438592160375	3.21755800896786
3.72999999999996	-0.449189918419799	3.23193058691075
3.73999999999996	-0.41680494587463	3.24481358865585
3.74999999999996	-0.384298692390151	3.25618293023207
3.75999999999996	-0.351686406398853	3.26601659910343
3.76999999999996	-0.318983545691507	3.27429475171419
3.77999999999996	-0.28620575527511	3.28099980244916
3.78999999999996	-0.253368844387094	3.28611650330662
3.79999999999996	-0.220488762761934	3.28963201364703
3.80999999999996	-0.187581576252264	3.29153595945403
3.81999999999996	-0.154663441911877	3.29182048162499
3.82999999999996	-0.121750582652347	3.29048027289568
3.83999999999996	-0.088859261588542	3.287512603096
3.84999999999996	-0.0560057561908257	3.28291733253006
3.85999999999996	-0.023206332363326	3.27669691337345
3.86999999999996	0.00952278143178675	3.26885637908086
3.87999999999996	0.0421654198845003	3.25940332189855
3.88999999999996	0.0747055062635754	3.24834785867532
3.89999999999996	0.107127077443937	3.23570258526288
3.90999999999996	0.139414308422575	3.2214825198896
3.91999999999996	0.171551536214988	3.2057050359797
3.92999999999996	0.203523283029314	3.18838978497175
3.93999999999996	0.235314278621235	3.16955860976522
3.94999999999996	0.266909481739367	3.14923544949038
3.95999999999996	0.298294100578069	3.12744623635475
3.96999999999996	0.329453612162434	3.10421878536833
3.97999999999996	0.360373780598411	3.0795826777883
3.98999999999996	0.391040674129593	3.05356913915356
3.99999999999996	0.421440680950991	3.02621091279839
4.00999999999996	0.451560523739092	2.99754212974396
4.01999999999996	0.481387272866464	2.96759817586633
4.02999999999996	0.510908358278137	2.93641555723016
4.03999999999996	0.540111580015784	2.90403176445941
4.04999999999996	0.568985117384339	2.87048513699038
4.05999999999996	0.597517536763943	2.83581472801904
4.06999999999996	0.625697798078085	2.80006017091485
4.07999999999996	0.65351525993625	2.76326154782794
4.08999999999996	0.680959683476453	2.72545926116603
4.09999999999996	0.708021234939504	2.68669390856376
4.10999999999996	0.734690487012812	2.64700616190947
4.11999999999996	0.760958418986878	2.60643665093588
4.12999999999996	0.786816415772392	2.56502585182006
4.13999999999996	0.812256265830007	2.52281398117766
4.14999999999996	0.837270158068407	2.47984089577543
4.15999999999996	0.861850677769212	2.43614599822649
4.16999999999996	0.885990801599632	2.39176814887502
4.17999999999996	0.909683891775575	2.3467455840208
4.18999999999996	0.932923689439117	2.301115840581
4.19999999999995	0.955704307314997	2.25491568723654
4.20999999999995	0.978020221711015	2.2081810620632
4.21999999999995	0.999866263927012	2.16094701660448
4.22999999999995	1.02123761113645	2.11324766630387
4.23999999999995	1.04212977680362	2.06511614717837
4.24999999999995	1.06253860069824	2.01658457858331
4.25999999999995	1.08246023856732	1.9676840318912
4.26999999999995	1.10189115152269	1.91844450488266
4.27999999999995	1.12082809519994	1.86889490162811
4.28999999999995	1.13926810874276	1.81906301762171
4.29999999999995	1.15720850366379	1.76897552991622
4.30999999999995	1.17464685263072	1.71865799199766
4.31999999999995	1.19158097822375	1.66813483313156
4.32999999999995	1.20800894170772	1.61742936190882
4.33999999999995	1.22392903185961	1.5665637737177
4.34999999999995	1.23933975388912	1.51555916186917
4.35999999999995	1.25423981848783	1.46443553210614
4.36999999999995	1.26862813103912	1.41321182023158
4.37999999999995	1.28250378101893	1.36190591259708
4.38999999999995	1.29586603161469	1.31053466920125
4.39999999999995	1.30871430958722	1.25911394915614
4.40999999999995	1.32104819539824	1.20765863828987
4.41999999999995	1.33286741362354	1.15618267866421
4.42999999999995	1.34417182367017	1.10469909979719
4.43999999999995	1.3549614108134	1.05322005139218
4.44999999999995	1.36523627756785	1.00175683738715
4.45999999999995	1.37499663540491	0.950319951149331
4.46999999999995	1.38424279682713	0.898919111652898
4.47999999999995	1.39297516780876	0.847563300488914
4.48999999999995	1.40119424060988	0.796260799568432
4.49999999999995	1.40890058697052	0.745019229391076
4.50999999999995	1.41609485168984	0.693845587762319
4.51999999999995	1.42277774659418	0.642746288853209
4.52999999999995	1.42895004489715	0.59172720250633
4.53999999999995	1.43461257595349	0.540793693701277
4.54999999999995	1.43976622040824	0.489950662101849
4.55999999999995	1.4444119057413	0.439202581615501
4.56999999999995	1.44855060220754	0.388553539903279
4.57999999999995	1.45218331917147	0.33800727778558
4.58999999999995	1.4553111018352	0.28756722849547
4.59999999999995	1.45793502835809	0.237236556737109
4.60999999999995	1.46005620736577	0.187018197511957
4.61999999999995	1.46167577584616	0.136914894679912
4.62999999999995	1.46279489742966	0.0869292392264119
4.63999999999995	1.4634147610504	0.0370637072097026
4.64999999999995	1.46353657998527	-0.0126793026348972
4.65999999999995	1.46316159126724	-0.0622974316549588
4.66999999999994	1.46229105546914	-0.111788324424965
4.67999999999994	1.46092625685393	-0.161149592293441
4.68999999999994	1.45906850388757	-0.210378777352026
4.69999999999994	1.45671913010986	-0.259473316845646
4.70999999999994	1.45387949535893	-0.308430508043841
4.71999999999994	1.45055098734467	-0.357247473594661
4.72999999999994	1.44673502356606	-0.405921127384463
4.73999999999994	1.44243305356732	-0.454448140929292
4.74999999999994	1.43764656152726	-0.502824910326346
4.75999999999994	1.43237706917632	-0.551047523797308
4.76999999999994	1.42662613903501	-0.599111729858945
4.77999999999994	1.42039537796732	-0.647012906160436
4.78999999999994	1.41368644104226	-0.694746029031285
4.79999999999994	1.40650103569623	-0.74230564378835
4.80999999999994	1.39884092618818	-0.789685835855516
4.81999999999994	1.39070793833939	-0.836880202754786
4.82999999999994	1.38210396454864	-0.883881827032938
4.83999999999994	1.37303096907315	-0.930683250193553
4.84999999999994	1.36349099356494	-0.977276447709844
4.85999999999994	1.35348616285121	-1.02365280519951
4.86999999999994	1.34301869094686	-1.06980309584856
4.87999999999994	1.33209088728617	-1.11571745917676
4.88999999999994	1.32070516315965	-1.16138538124283
4.89999999999994	1.30886403834125	-1.20679567639306
4.90999999999994	1.2965701478899	-1.25193647066175
4.91999999999994	1.28382624910832	-1.296795186937
4.92999999999994	1.27063522864085	-1.34135853200934
4.93999999999994	1.25700010969092	-1.38561248562451
4.94999999999994	1.24292405933737	-1.42954229166503
4.95999999999994	1.22841039592785	-1.47313245158717
4.96999999999994	1.21346259652603	-1.51636672024204
4.97999999999994	1.1980843043881	-1.55922810420982
4.98999999999994	1.18227933644288	-1.60169886277592
4.99999999999994	1.16605169074839	-1.6437605116766
5.00999999999994	1.1494055538966	-1.68539382973863
5.01999999999994	1.13234530833684	-1.72657886853394
5.02999999999994	1.11487553958701	-1.76729496516458
5.03999999999994	1.09700104330101	-1.80752075828689
5.04999999999994	1.07872683215909	-1.84723420747506
5.05999999999994	1.06005814254766	-1.88641261601467
5.06999999999994	1.04100044099362	-1.925032657205
5.07999999999994	1.02155943031782	-1.96307040423573
5.08999999999994	1.00174105547167	-2.00050136368886
5.09999999999994	0.981551509020524	-2.03730051269961
5.10999999999994	0.960997236236973	-2.07344233979234
5.11999999999994	0.940084939767514	-2.10890088938697
5.12999999999994	0.918821583835839	-2.14364980995036
5.13999999999993	0.897214397946607	-2.17766240574382
5.14999999999993	0.875270880054039	-2.21091169209385
5.15999999999993	0.852998799160597	-2.24337045408745
5.16999999999993	0.830406197312097	-2.275011308567
5.17999999999993	0.807501390956994	-2.3058067692725
5.18999999999993	0.784292971639255	-2.33572931495053
5.19999999999993	0.760789805996151	-2.36475146022179
5.20999999999993	0.737001035034576	-2.39284582897015
5.21999999999993	0.712936072661943	-2.41998522998864
5.22999999999993	0.688604603450547	-2.44614273458998
5.23999999999993	0.664016579617324	-2.4712917558631
5.24999999999993	0.639182217204223	-2.49540612923168
5.25999999999993	0.614111991448021	-2.51846019394723
5.26999999999993	0.588816631332134	-2.5404288751276
5.27999999999993	0.563307113317017	-2.56128776593259
5.28999999999993	0.537594654249885	-2.58101320945156
5.29999999999993	0.511690703458823	-2.59958237986471
5.30999999999993	0.485606934040773	-2.61697336242891
5.31999999999993	0.45935523335745	-2.63316523183258
5.32999999999993	0.432947692757765	-2.64813812846113
5.33999999999993	0.406396596549947	-2.66187333211522
5.34999999999993	0.379714410251118	-2.67435333272974
5.35999999999993	0.352913768146508	-2.68556189765046
5.36999999999993	0.32600746019493	-2.69548413503909
5.37999999999993	0.299008418321267	-2.70410655299544
5.38999999999993	0.271929702140794	-2.71141711400756
5.39999999999993	0.244784484163883	-2.71740528436656
5.40999999999993	0.217586034533134	-2.72206207821318
5.41999999999993	0.190347705348146	-2.72538009591649
5.42999999999993	0.163082914635955	-2.7273535565218
5.43999999999993	0.135805130027589	-2.72797832404494
5.44999999999993	0.108527852203218	-2.72725192743183
5.45999999999993	0.0812645981699822	-2.72517357404679
5.46999999999993	0.0540288844376742	-2.72174415659865
5.47999999999993	0.0268342101581899	-2.71696625346059
5.48999999999993	-0.000305959705190935	-2.71084412238695
5.49999999999993	-0.0273782111128639	-2.70338368767751
5.50999999999993	-0.054369197523226	-2.69459252088643
5.51999999999993	-0.0812656562423923	-2.68447981521888
5.52999999999993	-0.108054424487075	-2.67305635380197
5.53999999999993	-0.134722455100485	-2.66033447205909
5.54999999999993	-0.16125683186359	-2.64632801445568
5.55999999999993	-0.187644784346945	-2.63105228592123
5.56999999999993	-0.213873702251525	-2.61452399828538
5.57999999999993	-0.239931149190494	-2.5967612120954
5.58999999999993	-0.265804875867702	-2.57778327420838
5.59999999999993	-0.291482832612682	-2.55761075157266
5.60999999999992	-0.316953181236213	-2.53626536163083
5.61999999999992	-0.342204306174865	-2.51376989978969
5.62999999999992	-0.367224824897475	-2.49014816441135
5.63999999999992	-0.392003597551047	-2.46542487978469
5.64999999999992	-0.416529735828183	-2.43962561753658
5.65999999999992	-0.440792611042734	-2.41277671693903
5.66999999999992	-0.464781861404871	-2.38490520456129
5.67999999999992	-0.488487398491236	-2.35603871370507
5.68999999999992	-0.511899412910132	-2.32620540404709
5.69999999999992	-0.535008379165886	-2.29543388189608
5.70999999999992	-0.557805059730467	-2.26375312145192
5.71999999999992	-0.580280508334252	-2.23119238743251
5.72999999999992	-0.602426072491324	-2.19778115940992
5.73999999999992	-0.62423339527801	-2.1635490581723
5.74999999999992	-0.645694416386385	-2.12852577440079
5.75999999999992	-0.66680137247722	-2.09274099992326
5.76999999999992	-0.68754679685934	-2.05622436177854
5.77999999999992	-0.707923518524538	-2.01900535929604
5.78999999999992	-0.727924660569119	-1.9811133043676
5.79999999999992	-0.747543638034743	-1.94257726506
5.80999999999992	-0.76677415520262	-1.90342601268924
5.81999999999992	-0.785610202376159	-1.86368797245091
5.82999999999992	-0.804046052187993	-1.82339117767534
5.83999999999992	-0.822076255467883	-1.78256322775175
5.84999999999992	-0.839695636708294	-1.74123124974228
5.85999999999992	-0.856899289164576	-1.69942186368544
5.86999999999992	-0.873682569626541	-1.65716115156779
5.87999999999992	-0.890041092897946	-1.61447462992481
5.88999999999992	-0.905970726019899	-1.57138722601426
5.89999999999992	-0.921467582273569	-1.52792325749069
5.90999999999992	-0.936528014996799	-1.48410641549586
5.91999999999992	-0.951148611248302	-1.43995975106794
5.92999999999992	-0.965326185352101	-1.39550566476211
5.93999999999992	-0.979057772353744	-1.35076589936631
5.94999999999992	-0.99234062141865	-1.30576153558878
5.95999999999992	-1.00517218920165	-1.26051299058798
5.96999999999992	-1.01755013321547	-1.21504001921099
5.97999999999992	-1.02947230522459	-1.16936171780347
5.98999999999992	-1.04093674468949	-1.12349653045174
5.99999999999992	-1.05194167228483	-1.07746225751683
6.00999999999992	-1.06248548351393	-1.03127606632
6.01999999999992	-1.07256674244023	-0.984954503840206
6.02999999999992	-1.08218417555522	-0.938513511285334
6.03999999999992	-1.09133666580086	-0.89196844040121
6.04999999999992	-1.10002324676329	-0.845334071385342
6.05999999999992	-1.10824309705306	-0.798624632275329
6.06999999999992	-1.11599553488619	-0.751853819685679
6.07999999999991	-1.12328001287876	-0.705034820770629
6.08999999999991	-1.13009611306678	-0.658180336294783
6.09999999999991	-1.13644354216184	-0.611302604697681
6.10999999999991	-1.14232212705192	-0.564413427042885
6.11999999999991	-1.14773181055566	-0.517524192746613
6.12999999999991	-1.1526726474374	-0.470645905985406
6.13999999999991	-1.15714480068929	-0.423789212686709
6.14999999999991	-1.16114853808583	-0.376964428010493
6.15999999999991	-1.16468422901532	-0.330181564234163
6.16999999999991	-1.16775234159184	-0.283450358956924
6.17999999999991	-1.1703534400505	-0.236780303543464
6.18999999999991	-1.17248818242802	-0.190180671730285
6.19999999999991	-1.17415731852992	-0.143660548321198
6.20999999999991	-1.1753616881847	-0.097228857901397
6.21999999999991	-1.17610221978513	-0.0508943935021729
6.22999999999991	-1.17637992911555	-0.00466584515060824
6.23999999999991	-1.17619591846381	0.0414481717593747
6.24999999999991	-1.1755513760159	0.0874390883365515
6.25999999999991	-1.1744475755303	0.133298354363061
6.26999999999991	-1.1728858762889	0.17901741082565
6.27999999999991	-1.17086772332062	0.224587662866147
6.28999999999991	-1.1683946478931	0.270000453209296
6.29999999999991	-1.16546826826755	0.315247036125827
6.30999999999991	-1.16209029071103	0.360318551988639
6.31999999999991	-1.15826251075992	0.405206002480195
6.32999999999991	-1.15398681472793	0.449900226509673
6.33999999999991	-1.14926518145097	0.494391876899015
6.34999999999991	-1.14409968426126	0.538671397897823
6.35999999999991	-1.13849249318173	0.582729003587915
6.36999999999991	-1.13244587733176	0.62655465723939
6.37999999999991	-1.12596220753433	0.670138051681069
6.38999999999991	-1.11904395911409	0.713468590749306
6.39999999999991	-1.11169371487532	0.756535371880192
6.40999999999991	-1.10391416824795	0.799327169911224
6.41999999999991	-1.09570812658925	0.841832422159417
6.42999999999991	-1.08707851462809	0.884039214843628
6.43999999999991	-1.07802837803791	0.925935270919473
6.44999999999991	-1.06856088712409	0.967507939395569
6.45999999999991	-1.05867934061036	1.00874418619996
6.46999999999991	-1.04838716950858	1.04963058666536
6.47999999999991	-1.03768794105527	1.09015331970123
6.48999999999991	-1.02658536269768	1.13029816371974
6.49999999999991	-1.01508328611161	1.17005049438117
6.50999999999991	-1.00318571123236	1.20939528422238
6.51999999999991	-0.990896790279744	1.24831710422933
6.52999999999991	-0.978220831757436	1.28680012741172
6.53999999999991	-0.965162304406298	1.3248281344339
6.5499999999999	-0.951725841090928	1.36238452135183
6.5599999999999	-0.937916242598112	1.39945230950096
6.5699999999999	-0.923738481325486	1.43601415757376
6.5799999999999	-0.909197704838323	1.47205237591945
6.5899999999999	-0.894299239272119	1.50754894309087
6.5999999999999	-0.879048592558388	1.54248552465573
6.6099999999999	-0.863451457450994	1.57684349428039
6.6199999999999	-0.847513714330271	1.61060395708496
6.6299999999999	-0.831241433762294	1.64374777525841
6.6399999999999	-0.814640878790775	1.67625559591118
6.6499999999999	-0.797718506939384	1.70810788113165
6.6599999999999	-0.78048097190268	1.73928494020021
6.6699999999999	-0.762935124904341	1.7697669639027
6.6799999999999	-0.745088015702063	1.79953406087117
6.6899999999999	-0.726946893219263	1.8285662958672
6.6999999999999	-0.708519205784637	1.85684372990873
6.7099999999999	-0.689812600961703	1.88434646212804
6.7199999999999	-0.670834924951622	1.91105467323411
6.7299999999999	-0.651594221553961	1.93694867043942
6.7399999999999	-0.632098730671491	1.96200893369703
6.7499999999999	-0.612356886346763	1.98621616308114
6.7599999999999	-0.592377314319896	2.00955132713139
6.7699999999999	-0.572168829098906	2.03199571196905
6.7799999999999	-0.551740430535847	2.05353097098224
6.7899999999999	-0.531101299904148	2.07413917486694
6.7999999999999	-0.51026079547467	2.09380286180126
6.8099999999999	-0.489228447590328	2.11250508752285
6.8199999999999	-0.468013953241398	2.13022947507234
6.8299999999999	-0.446627170146061	2.14696026396105
6.8399999999999	-0.425078110343185	2.16268235851756
6.8499999999999	-0.403376933306762	2.177381375166
6.8599999999999	-0.381533938593938	2.19104368838931
6.8699999999999	-0.359559558041012	2.20365647513223
6.8799999999999	-0.337464347524205	2.21520775740308
6.8899999999999	-0.315258978304408	2.2256864428389
6.8999999999999	-0.292954227977407	2.23508236300663
6.9099999999999	-0.270560971053337	2.24338630922225
6.9199999999999	-0.248090169191206	2.25059006568197
6.9299999999999	-0.225552861116371	2.25668643971236
6.9399999999999	-0.202960152250655	2.26166928896202
6.9499999999999	-0.18032320408652	2.26553354537368
6.9599999999999	-0.157653223338221	2.26827523579422
6.9699999999999	-0.13496145090419	2.26989149909948
6.9799999999999	-0.112259150676031	2.27038059973153
6.9899999999999	-0.0895575982304312	2.26974193756785
6.9999999999999	-0.0668680694409666	2.26797605406415
7.00999999999989	-0.0442018290472696	2.26508463463592
7.01999999999989	-0.0215701192192462	2.26107050726687
7.02999999999989	0.00101585184596567	2.25593763735609
7.03999999999989	0.023544921256839	2.24969111883901
7.04999999999989	0.0460059826531125	2.24233716164042
7.05999999999989	0.0683879972879629	2.23388307554004
7.06999999999989	0.0906800049313129	2.22433725055315
7.07999999999989	0.112871134560024	2.21370913394904
7.08999999999989	0.134950614802052	2.20200920405005
7.09999999999989	0.156907784103154	2.1892489409718
7.10999999999989	0.17873210058644	2.17544079448213
7.11999999999989	0.200413151576904	2.16059814917127
7.12999999999989	0.221940662765062	2.14473528713903
7.13999999999989	0.243304506985952	2.12786734841647
7.14999999999989	0.264494712591963	2.1100102893489
7.15999999999989	0.285501471400277	2.09118083917494
7.16999999999989	0.306315146198083	2.07139645504204
7.17999999999989	0.326926277791139	2.05067527570242
7.18999999999989	0.347325591583727	2.02903607413553
7.19999999999989	0.367504003680485	2.00649820934286
7.20999999999989	0.387452626503069	1.9830815775593
7.21999999999989	0.407162773917019	1.95880656312124
7.22999999999989	0.426625965866563	1.93369398922705
7.23999999999989	0.445833932517453	1.90776506881816
7.24999999999989	0.464778617910135	1.88104135580135
7.25999999999989	0.483452183127722	1.85354469682322
7.26999999999989	0.501847008985329	1.8252971837975
7.27999999999989	0.519955698249224	1.7963211073742
7.28999999999989	0.53777107739613	1.76663891152764
7.29999999999989	0.555286197924688	1.73627314942712
7.30999999999989	0.572494337232674	1.70524644074086
7.31999999999989	0.589388999074993	1.67358143050976
7.32999999999989	0.605963913618781	1.64130074971362
7.33999999999989	0.622213037113087	1.60842697763827
7.34999999999989	0.638130551191628	1.57498260613777
7.35999999999989	0.653710861827986	1.54099000587217
7.36999999999989	0.668948597963341	1.50647139458708
7.37999999999989	0.683838609827432	1.4714488074884
7.38999999999989	0.698375966973918	1.43594406975209
7.39999999999989	0.712555956051633	1.3999787711968
7.40999999999989	0.726374078333444	1.36357424313493
7.41999999999989	0.739826047024548	1.32675153740661
7.42999999999989	0.752907784371986	1.2895314075904
7.43999999999989	0.765615418597099	1.25193429237453
7.44999999999989	0.777945280672384	1.21398030106333
7.45999999999989	0.789893900963966	1.17568920118516
7.46999999999989	0.801458005760474	1.13708040816016
7.47999999999988	0.812634513708706	1.09817297697938
7.48999999999988	0.823420532175904	1.05898559584048
7.49999999999988	0.833813353557932	1.01953658167967
7.50999999999988	0.843810451551974	0.979843877534659
7.51999999999988	0.853409477411736	0.939925051669342
7.52999999999988	0.862608256202402	0.899797298387107
7.53999999999988	0.871404783071841	0.859477440456992
7.54999999999988	0.879797219553827	0.818981933074323
7.55999999999988	0.887783889918194	0.778326869275654
7.56999999999988	0.895363277582081	0.737527986726443
7.57999999999988	0.902534021595569	0.69660067579892
7.58999999999988	0.909294913214198	0.655559988857075
7.59999999999988	0.915644892570032	0.614420650665488
7.60999999999988	0.92158304545208	0.573197069838868
7.61999999999988	0.927108600206067	0.531903351249536
7.62999999999988	0.932220924762733	0.490553309310783
7.63999999999988	0.936919523803003	0.449160482054846
7.64999999999988	0.94120403606758	0.407738145925285
7.65999999999988	0.945074231817695	0.366299331204682
7.66999999999988	0.948530010452992	0.324856837999882
7.67999999999988	0.951571398291736	0.283423252708285
7.68999999999988	0.954198546517769	0.242010964890143
7.69999999999988	0.956411729297915	0.200632184473219
7.70999999999988	0.958211342072795	0.159298959217576
7.71999999999988	0.959597900023291	0.118023192369751
7.72999999999988	0.960572036714208	0.0768166604369056
7.73999999999988	0.961134502915997	0.0356910310129597
7.74999999999988	0.961286165604722	-0.00534211940997472
7.75999999999988	0.961028007139788	-0.0462712877102794
7.76999999999988	0.960361124618318	-0.0870850265498249
7.77999999999988	0.959286729404421	-0.127771926994317
7.78999999999988	0.957806146830947	-0.168320601402937
7.79999999999988	0.955920816070759	-0.208719666648169
7.80999999999988	0.953632290173899	-0.248957727725731
7.81999999999988	0.95094223626646	-0.289023361813576
7.82999999999988	0.947852435906375	-0.328905102837997
7.83999999999988	0.944364785590781	-0.368591426604039
7.84999999999988	0.940481297409016	-0.408070736546496
7.85999999999988	0.936204099834769	-0.447331350156927
7.86999999999988	0.931535438650359	-0.486361486141251
7.87999999999988	0.926477677995558	-0.525149252361519
7.88999999999988	0.921033301532854	-0.563682634614548
7.89999999999988	0.915204913720531	-0.601949486299008
7.90999999999988	0.908995241184421	-0.639937519021472
7.91999999999988	0.9024071341787	-0.677634294190654
7.92999999999988	0.895443568125598	-0.715027215647739
7.93999999999988	0.88810764522343	-0.752103523379154
7.94999999999987	0.880402596111902	-0.788850288356456
7.95999999999987	0.872331781583201	-0.825254408546111
7.96999999999987	0.863898694326974	-0.861302606129868
7.97999999999987	0.855106960696881	-0.896981425974074
7.98999999999987	0.845960342486063	-0.932277235383708
7.99999999999987	0.836462738698513	-0.96717622517406
8.00999999999987	0.826618187303005	-1.00166441208986
8.01999999999987	0.816430866955995	-1.03572764259824
8.02999999999987	0.805905098679621	-1.06935159807811
8.03999999999987	0.795045347480747	-1.1025218014246
8.04999999999987	0.783856223896828	-1.13522362508283
8.05999999999987	0.772342485454254	-1.16744230052032
8.06999999999987	0.760509038024743	-1.1991629291429
8.07999999999987	0.748360937065372	-1.23037049465299
8.08999999999987	0.735903388727829	-1.26104987684398
8.09999999999987	0.723141750822594	-1.29118586681831
8.10999999999987	0.710081533623894	-1.32076318361058
8.11999999999987	0.696728400501503	-1.34976649219078
8.12999999999987	0.683088168365739	-1.37818042281582
8.13999999999987	0.669166807912362	-1.40598959169069
8.14999999999987	0.6549704436545	-1.43317862289378
8.15999999999987	0.64050535372922	-1.45973217151327
8.16999999999987	0.625777969466918	-1.48563494793475
8.17999999999987	0.610794874712371	-1.51087174321259
8.18999999999987	0.595562804886944	-1.53542745545055
8.19999999999987	0.580088645782303	-1.55928711710983
8.20999999999987	0.564379432076757	-1.58243592315591
8.21999999999987	0.54844234556635	-1.60485925994847
8.22999999999987	0.53228471310375	-1.62654273477248
8.23999999999987	0.515914004239077	-1.64747220590191
8.24999999999987	0.4993378285579	-1.66763381308217
8.25999999999987	0.482563932712812	-1.68701400831161
8.26999999999987	0.465600197146214	-1.70559958679792
8.27999999999987	0.448454632503189	-1.72337771796089
8.28999999999987	0.431135375734671	-1.74033597634943
8.29999999999987	0.413650685892429	-1.75646237233795
8.30999999999987	0.396008939618764	-1.77174538246498
8.31999999999987	0.378218626335187	-1.78617397927582
8.32999999999987	0.36028834313572	-1.79973766053042
8.33999999999987	0.342226789391875	-1.81242647763804
8.34999999999987	0.324042761077726	-1.82423106318188
8.35999999999987	0.305745144824843	-1.83514265739897
8.36999999999987	0.287342911718201	-1.84515313348368
8.37999999999987	0.268845110845468	-1.8542550215877
8.38999999999987	0.250260862613328	-1.86244153139417
8.39999999999987	0.231599351845667	-1.86970657314967
8.40999999999987	0.212869820679624	-1.87604477704469
8.41999999999986	0.19408156127651	-1.88145151084092
8.42999999999986	0.175243908365617	-1.88592289565202
8.43999999999986	0.156366231639807	-1.88945581979409
8.44999999999986	0.137457928022559	-1.89204795063151
8.45999999999986	0.118528413826847	-1.89369774435478
8.46999999999986	0.0995871168268131	-1.89440445363753
8.47999999999986	0.0806434682636385	-1.89416813313174
8.48999999999986	0.0617068948074099	-1.89298964277155
8.49999999999986	0.042786810496976	-1.89087064886835
8.50999999999986	0.023892608679926	-1.8878136229918
8.51999999999986	0.00503365397480422	-1.8838218386437
8.52999999999986	-0.0137807257224512	-1.87889936574355
8.53999999999986	-0.0325412471661093	-1.87305106295689
8.54999999999986	-0.0512386796009157	-1.86628256790883
8.55999999999986	-0.0698638524941436	-1.85860028533669
8.56999999999986	-0.0884076631391326	-1.85001137324661
8.57999999999986	-0.106861084110721	-1.84052372714893
8.58999999999986	-0.125215170553776	-1.83014596245739
8.59999999999986	-0.143461067286922	-1.81888739514566
8.60999999999986	-0.161590015704541	-1.80675802076339
8.61999999999986	-0.179593360461189	-1.79376849192119
8.62999999999986	-0.197462555923681	-1.77993009436058
8.63999999999986	-0.215189172377312	-1.76525472173071
8.64999999999986	-0.232764901973899	-1.74975484919836
8.65999999999986	-0.250181564410637	-1.73344350602169
8.66999999999986	-0.267431112330064	-1.71633424722091
8.67999999999986	-0.284505636432774	-1.69844112448121
8.68999999999986	-0.301397370295896	-1.67977865642418
8.69999999999986	-0.318098694891699	-1.66036179838415
8.70999999999986	-0.334602142802042	-1.64020591182508
8.71999999999986	-0.35090040212576	-1.619326733532
8.72999999999986	-0.366986320077394	-1.59774034470861
8.73999999999986	-0.382852906276949	-1.5754631401095
8.74999999999986	-0.39849333573168	-1.55251179733155
8.75999999999986	-0.413900951512087	-1.52890324638446
8.76999999999986	-0.429069267125491	-1.50465463965553
8.77999999999986	-0.443991968591687	-1.47978332237778
8.78999999999986	-0.458662916226229	-1.45430680370483
8.79999999999986	-0.473076146137903	-1.42824272848922
8.80999999999986	-0.487225871447878	-1.40160884985406
8.81999999999986	-0.501106483238888	-1.3744230026412
8.82999999999986	-0.514712551243598	-1.34670307781124
8.83999999999986	-0.528038824282016	-1.31846699786409
8.84999999999986	-0.541080230458472	-1.28973269334055
8.85999999999986	-0.553831877129241	-1.26051808045878
8.86999999999986	-0.566289050652401	-1.23084103993119
8.87999999999986	-0.578447215931927	-1.20071939700087
8.88999999999985	-0.590302015768379	-1.17017090272867
8.89999999999985	-0.601849270028823	-1.13921321655566
8.90999999999985	-0.613084974648824	-1.10786389015844
8.91999999999985	-0.624005300479511	-1.07614035260847
8.92999999999985	-0.63460659199277	-1.04405989684015
8.93999999999985	-0.644885365857672	-1.01163966742639
8.94999999999985	-0.654838309401151	-0.978896649654831
8.95999999999985	-0.664462278965912	-0.945847659892268
8.96999999999985	-0.673754298178347	-0.912509337220036
8.97999999999985	-0.68271155613907	-0.878898136318269
8.98999999999985	-0.691331405548436	-0.845030321572643
8.99999999999985	-0.699611360779106	-0.810921962373212
9.00999999999985	-0.707549095907427	-0.776588929571269
9.01999999999985	-0.715142442715018	-0.742046893056861
9.02999999999985	-0.722389388671557	-0.707311320416563
9.03999999999985	-0.729288074909381	-0.672397476628469
9.04999999999985	-0.735836794200025	-0.637320424748977
9.05999999999985	-0.742033988942397	-0.602095027543855
9.06999999999985	-0.747878249171773	-0.566735950014317
9.07999999999985	-0.753368310598324	-0.531257662767265
9.08999999999985	-0.758503052683344	-0.495674446177614
9.09999999999985	-0.763281496760846	-0.46000039528953
9.10999999999985	-0.767702804211634	-0.424249425402602
9.11999999999985	-0.771766274696439	-0.388435278288344
9.12999999999985	-0.775471344454142	-0.352571528981932
9.13999999999985	-0.778817584670555	-0.316671593093864
9.14999999999985	-0.781804699922694	-0.280748734586032
9.15999999999985	-0.784432526702899	-0.244816073956783
9.16999999999985	-0.786701032026621	-0.208886596779603
9.17999999999985	-0.788610312127134	-0.172973162540379
9.18999999999985	-0.790160591239881	-0.1370885137185
9.19999999999985	-0.791352220478633	-0.101245285057512
9.20999999999985	-0.792185676805065	-0.0654560129715816
9.21999999999985	-0.792661562092865	-0.0297331450345902
9.22999999999985	-0.792780602286924	0.00591095050061729
9.23999999999985	-0.792543646657649	0.0414639752046108
9.24999999999985	-0.791951667149943	0.076913691046357
9.25999999999985	-0.791005757825848	0.112247911090952
9.26999999999985	-0.789707134399401	0.14745449036936
9.27999999999985	-0.788057133861732	0.182521316968467
9.28999999999985	-0.786057214193952	0.217436303388773
9.29999999999985	-0.783708954164946	0.252187378215995
9.30999999999985	-0.781014053210682	0.286762478151736
9.31999999999985	-0.777974331391237	0.321149540447259
9.32999999999985	-0.774591729421292	0.355336495783115
9.33999999999985	-0.770868308769429	0.389311261636149
9.34999999999985	-0.766806251821147	0.423061736173998
9.35999999999984	-0.762407862100143	0.456575792715779
9.36999999999984	-0.757675564541992	0.489841274796121
9.37999999999984	-0.752611905814024	0.522845991868101
9.38999999999984	-0.747219554674838	0.555577715678886
9.39999999999984	-0.741501302366556	0.588024177350119
9.40999999999984	-0.735460063032629	0.620173065193105
9.41999999999984	-0.729098874153696	0.652012023286832
9.42999999999984	-0.722420896993742	0.683528650844682
9.43999999999984	-0.715429417048545	0.714710502393387
9.44999999999984	-0.708127844488182	0.745545088785351
9.45999999999984	-0.700519714585169	0.77601987906289
9.46999999999984	-0.692608688119633	0.806122303190234
9.47999999999984	-0.684398551752765	0.83583975566628
9.48999999999984	-0.675893218359702	0.865159600028095
9.49999999999984	-0.66709672731289	0.894069174252036
9.50999999999984	-0.658013244706932	0.922555797056091
9.51999999999984	-0.6486470635159	0.950606775103624
9.52999999999984	-0.639002603674124	0.978209411105199
9.53999999999984	-0.629084412071489	1.00535101281149
9.54999999999984	-0.618897162454397	1.03201890288652
9.55999999999984	-0.608445655223653	1.05820042964669
9.56999999999984	-0.59773481712071	1.08388297864691
9.57999999999984	-0.586769700793904	1.10905398509145
9.58999999999984	-0.575555484236567	1.1337009470428
9.59999999999984	-0.564097470089195	1.15781143939773
9.60999999999984	-0.552401084798154	1.18137312859597
9.61999999999984	-0.540471877623798	1.2043737880224
9.62999999999984	-0.528315519491283	1.22680131405975
9.63999999999984	-0.515937801677781	1.24864374274513
9.64999999999984	-0.503344634330335	1.26988926697912
9.65999999999984	-0.490542044809077	1.29052625423317
9.66999999999984	-0.477536175851123	1.31054326469671
9.67999999999984	-0.464333283551059	1.32992906980245
9.68999999999984	-0.450939735154544	1.34867267106479
9.69999999999984	-0.437362006662257	1.36676331916333
9.70999999999984	-0.423606680242067	1.38419053320081
9.71999999999984	-0.409680441448057	1.40094412006226
9.72999999999984	-0.39559007624577	1.41701419380008
9.73999999999984	-0.381342467843789	1.43239119496795
9.74999999999984	-0.366944593332559	1.44706590982517
9.75999999999984	-0.352403520132151	1.46102948933199
9.76999999999984	-0.337726402251443	1.47427346785585
9.77999999999984	-0.322920476362024	1.48678978150845
9.78999999999984	-0.307993057690904	1.49857078603383
9.79999999999984	-0.292951535736916	1.50960927416831
9.80999999999984	-0.277803369816489	1.51989849239465
9.81999999999984	-0.26255608444522	1.52943215701424
9.82999999999983	-0.247217264562445	1.53820446946347
9.83999999999983	-0.231794550606731	1.5462101308031
9.84999999999983	-0.216295633450878	1.55344435531248
9.85999999999983	-0.200728249205742	1.55990288312414
9.86999999999983	-0.185100173902753	1.56558199183824
9.87999999999983	-0.169419218065632	1.5704785070607
9.88999999999983	-0.153693221182318	1.57458981181364
9.89999999999983	-0.137930046088628	1.5779138547721
9.90999999999983	-0.122137573275589	1.58044915728602
9.91999999999983	-0.106323695132777	1.58219481915273
9.92999999999983	-0.0904963101402913	1.58315052311069
9.93999999999983	-0.0746633170222933	1.58331653803178
9.94999999999983	-0.0588326088751973	1.58269372079551
9.95999999999983	-0.0430120672837541	1.58128351683518
9.96999999999983	-0.0272095564383307	1.57908795935232
9.97999999999983	-0.0114329172666953	1.5761096672025
9.98999999999983	0.00431003840645011	1.57235184146191
9.99999999999983	0.0200115336590697	1.56781826069063
10	0.0200115336593343	1.56781826069055
