0 10
0.01 9.63907114886234
0.02 9.2582349058368
0.03 8.8607549578311
0.04 8.45027013190456
0.05 8.03068119109527
0.06 7.60602197496255
0.07 7.18032390477966
0.08 6.75748354630714
0.09 6.34114241389145
0.1 5.93458661415431
0.11 5.54067156008337
0.12 5.16177424526988
0.13 4.79977288031836
0.14 4.45605141679567
0.15 4.13152484914947
0.16 3.82668027692927
0.17 3.54162848486486
0.18 3.27616112407481
0.19 3.02980927820719
0.2 2.80190009606338
0.21 2.59160911612968
0.22 2.39800678808164
0.23 2.2200984444252
0.24 2.05685756215754
0.25 1.90725257788679
0.26 1.770267796482
0.27 1.64491908856665
0.28 1.53026513431514
0.29 1.42541496686291
0.3 1.32953252117472
0.31 1.24183882170185
0.32 1.16161235818443
0.33 1.08818811297984
0.34 1.02095562141735
0.35 0.959356372420512
0.36 0.902880791681737
0.37 0.851064994441343
0.38 0.803487449047445
0.39 0.759765655131236
0.4 0.719552910385777
0.41 0.682535216487228
0.42 0.648428356584836
0.43 0.616975163040818
0.44 0.587942983871907
0.45 0.561121348903128
0.46 0.536319831383412
0.47 0.513366097233373
0.48 0.492104131794889
0.49 0.47239263260898
0.5 0.454103556109907
0.51 0.43712080599248
0.52 0.421339051234878
0.53 0.4066626622253
0.54 0.393004754061086
0.55 0.380286326799191
0.56 0.368435493190263
0.57 0.357386785191667
0.58 0.347080531304244
0.59 0.33746229749777
0.6 0.328482385171093
0.61 0.32009538022895
0.62 0.312259747945875
0.63 0.304937468827783
0.64 0.298093711174692
0.65 0.291696536495591
0.66 0.285716634331125
0.67 0.280127083404555
0.68 0.274903136349315
0.69 0.270022025555562
0.7 0.265462787941427
0.71 0.261206106690045
0.72 0.257234168203663
0.73 0.253530532713635
0.74 0.250080017152337
0.75 0.246868589042025
0.76 0.24388327028836
0.77 0.241112049884587
0.78 0.238543804637541
0.79 0.236168227120487
0.8 0.233975760141219
0.81 0.231957537088269
0.820000000000001 0.230105327584319
0.830000000000001 0.228411487934997
0.840000000000001 0.226868915913892
0.850000000000001 0.225471009471609
0.860000000000001 0.224211628998612
0.870000000000001 0.223085062809045
0.880000000000001 0.222085995546146
0.890000000000001 0.221209479239775
0.900000000000001 0.220450906773314
0.910000000000001 0.21980598754111
0.920000000000001 0.21927072509906
0.930000000000001 0.218841396630144
0.940000000000001 0.218514534063898
0.950000000000001 0.218286906704295
0.960000000000001 0.218155505234328
0.970000000000001 0.21811752697809
0.980000000000001 0.218170362312289
0.990000000000001 0.218311582129267
1 0.218538926262621
1.01 0.218850292794715
1.02 0.219243728172732
1.03 0.21971741806657
1.04 0.220269678907871
1.05 0.220898950054914
1.06 0.221603786532981
1.07 0.22238285230426
1.08 0.223234914025363
1.09 0.224158835254145
1.1 0.225153571070856
1.11 0.226218163081604
1.12 0.227351734774861
1.13 0.22855348720418
1.14 0.22982269497256
1.15 0.231158702495921
1.16 0.232560920525026
1.17 0.234028822906847
1.18 0.235561943567963
1.19 0.23715987370395
1.2 0.238822259160003
1.21 0.240548797989248
1.22 0.242339238176223
1.23 0.244193375514013
1.24 0.246111051624431
1.25 0.248092152111434
1.26 0.250136604838737
1.27 0.252244378323268
1.28 0.254415480236743
1.29 0.25664995600823
1.3 0.258947887521084
1.31 0.261309391898153
1.32 0.263734620369589
1.33 0.266223757218009
1.34 0.268777018796161
1.35 0.27139465261257
1.36 0.274076936480976
1.37 0.276824177729693
1.38 0.279636712467264
1.39 0.282514904901067
1.4 0.285459146705748
1.41 0.288469856438584
1.42 0.29154747899908
1.43 0.294692485130283
1.44 0.297905370959475
1.45 0.301186657576071
1.46 0.304536890644691
1.47 0.307956640051505
1.48 0.311446499582098
1.49 0.315007086629206
1.5 0.318639041928777
1.51 0.322343029322942
1.52 0.326119735548542
1.53 0.329969870049969
1.54 0.333894164815149
1.55 0.337893374233589
1.56 0.341968274975452
1.57 0.346119665890723
1.58 0.350348367927566
1.59 0.354655224069051
1.6 0.359041099287462
1.61 0.363506880515471
1.62 0.368053476633491
1.63 0.37268181847258
1.64 0.377392858832292
1.65 0.382187572512933
1.66 0.387066956361703
1.67 0.392032029332225
1.68 0.397083832557027
1.69 0.402223429432551
1.7 0.407451905716285
1.71 0.412770369635665
1.72 0.41817995200839
1.73 0.423681806373849
1.74 0.429277109135341
1.75 0.434967059712834
1.76 0.440752880705988
1.77 0.446635818067208
1.78 0.452617141284522
1.79 0.458698143574048
1.8 0.464880142081888
1.81 0.471164478095264
1.82 0.477552517262728
1.83 0.484045649823313
1.84 0.490645290844471
1.85 0.497352880468691
1.86 0.504169884168669
1.87 0.511097793010943
1.88 0.518138123927879
1.89 0.52529241999795
1.9 0.532562250734207
1.91 0.539949212380899
1.92 0.547454928218171
1.93 0.55508104887479
1.94 0.562829252648862
1.95 0.570701245836501
1.96 0.578698763068417
1.97 0.58682356765441
1.98 0.595077451935736
1.99 0.603462237645355
2 0.611979776276036
2.01 0.620631949456332
2.02 0.629420669334423
2.03 0.638347878969835
2.04 0.647415552733058
2.05 0.656625696713063
2.06 0.665980349132771
2.07 0.675481580772465
2.08 0.685131495401201
2.09 0.694932230216244
2.1 0.704885956290568
2.11 0.714994879028454
2.12 0.725261238629246
2.13 0.735687310559293
2.14 0.746275406032153
2.15 0.75702787249708
2.16 0.767947094135884
2.17 0.779035492368198
2.18 0.79029552636523
2.19 0.801729693572049
2.2 0.81334053023849
2.21 0.825130611958726
2.22 0.837102554219596
2.23 0.849259012957753
2.24 0.8616026851257
2.25 0.874136309266812
2.26 0.886862666099392
2.27 0.899784579109874
2.28 0.912904915155221
2.29 0.926226585074634
2.29999999999999 0.939752544310624
2.30999999999999 0.953485793539558
2.31999999999999 0.967429379311749
2.32999999999999 0.981586394701183
2.33999999999999 0.995959979964977
2.34999999999999 1.01055332321264
2.35999999999999 1.02536966108524
2.36999999999999 1.04041227944457
2.37999999999999 1.05568451407238
2.38999999999999 1.07118975137982
2.39999999999999 1.08693142912707
2.40999999999999 1.10291303715338
2.41999999999999 1.11913811811758
2.42999999999999 1.13561026824902
2.43999999999999 1.15233313810921
2.44999999999999 1.16931043336412
2.45999999999999 1.18654591556732
2.46999999999999 1.20404340295394
2.47999999999999 1.22180677124559
2.48999999999999 1.23983995446638
2.49999999999999 1.25814694576997
2.50999999999999 1.27673179827791
2.51999999999999 1.29559862592911
2.52999999999999 1.3147516043408
2.53999999999999 1.33419497168078
2.54999999999999 1.35393302955118
2.55999999999999 1.37397014388373
2.56999999999999 1.39431074584662
2.57999999999999 1.41495933276293
2.58999999999999 1.43592046904085
2.59999999999999 1.45719878711541
2.60999999999999 1.47879898840216
2.61999999999999 1.5007258442624
2.62999999999999 1.5229841969803
2.63999999999999 1.54557896075177
2.64999999999999 1.56851512268503
2.65999999999999 1.59179774381301
2.66999999999999 1.61543196011741
2.67999999999999 1.63942298356448
2.68999999999999 1.66377610315235
2.69999999999999 1.68849668597003
2.70999999999999 1.71359017826778
2.71999999999999 1.73906210653891
2.72999999999999 1.76491807861281
2.73999999999999 1.79116378475907
2.74999999999999 1.81780499880261
2.75999999999999 1.84484757924951
2.76999999999998 1.87229747042344
2.77999999999998 1.90016070361238
2.78999999999998 1.92844339822541
2.79999999999998 1.95715176295926
2.80999999999998 1.98629209697424
2.81999999999998 2.01587079107926
2.82999999999998 2.04589432892552
2.83999999999998 2.07636928820827
2.84999999999998 2.10730234187642
2.85999999999998 2.13870025934918
2.86999999999998 2.17056990773923
2.87999999999998 2.20291825308187
2.88999999999998 2.23575236156919
2.89999999999998 2.26907940078864
2.90999999999998 2.30290664096513
2.91999999999998 2.33724145620556
2.92999999999998 2.37209132574496
2.93999999999998 2.40746383519286
2.94999999999998 2.4433666777789
2.95999999999998 2.4798076555962
2.96999999999998 2.51679468084099
2.97999999999998 2.55433577704707
2.98999999999998 2.59243908031316
2.99999999999998 2.63111284052151
3.00999999999998 2.67036542254538
3.01999999999998 2.71020530744359
3.02999999999998 2.75064109363927
3.03999999999998 2.79168149808054
3.04999999999998 2.83333535738006
3.05999999999998 2.87561162893038
3.06999999999998 2.9185193919918
3.07999999999998 2.96206784874885
3.08999999999998 3.0062663253317
3.09999999999998 3.05112427279783
3.10999999999998 3.09665126806956
3.11999999999998 3.142857014822
3.12999999999998 3.18975134431607
3.13999999999998 3.23734421617037
3.14999999999998 3.28564571906534
3.15999999999998 3.33466607137252
3.16999999999998 3.38441562170102
3.17999999999998 3.43490484935265
3.18999999999998 3.48614436467653
3.19999999999998 3.53814490931281
3.20999999999998 3.59091735631463
3.21999999999998 3.64447271013616
3.22999999999998 3.6988221064735
3.23999999999997 3.75397681194419
3.24999999999997 3.80994822358948
3.25999999999997 3.86674786818219
3.26999999999997 3.92438740132152
3.27999999999997 3.98287860629413
3.28999999999997 4.04223339267899
3.29999999999997 4.10246379467155
3.30999999999997 4.16358196910005
3.31999999999997 4.22560019310451
3.32999999999997 4.28853086144601
3.33999999999997 4.35238648341048
3.34999999999997 4.41717967926814
3.35999999999997 4.48292317624546
3.36999999999997 4.54962980396249
3.37999999999997 4.61731248928363
3.38999999999997 4.68598425052457
3.39999999999997 4.75565819095249
3.40999999999997 4.82634749151006
3.41999999999997 4.89806540268661
3.42999999999997 4.97082523545204
3.43999999999997 5.04464035116
3.44999999999997 5.11952415031736
3.45999999999997 5.19549006010568
3.46999999999997 5.27255152052862
3.47999999999997 5.35072196904531
3.48999999999997 5.43001482353492
3.49999999999997 5.51044346342044
3.50999999999997 5.59202120876113
3.51999999999997 5.67476129710191
3.52999999999997 5.75867685784424
3.53999999999997 5.8437808838771
3.54999999999997 5.9300862001766
3.55999999999997 6.01760542905022
3.56999999999997 6.10635095166418
3.57999999999997 6.19633486545109
3.58999999999997 6.28756893694827
3.59999999999997 6.38006454956459
3.60999999999997 6.47383264571502
3.61999999999997 6.56888366269553
3.62999999999997 6.66522746159673
3.63999999999997 6.76287324847078
3.64999999999997 6.86182948687155
3.65999999999997 6.96210380078213
3.66999999999997 7.06370286682385
3.67999999999997 7.16663229450625
3.68999999999997 7.27089649312568
3.69999999999997 7.37649852374901
3.70999999999996 7.48343993452597
3.71999999999996 7.59172057735681
3.72999999999996 7.70133840369681
3.73999999999996 7.81228923700422
3.74999999999996 7.92456651902774
3.75999999999996 8.03816102678169
3.76999999999996 8.1530605566648
3.77999999999996 8.26924957174002
3.78999999999996 8.38670880769966
3.79999999999996 8.5054148324905
3.80999999999996 8.62533955395847
3.81999999999996 8.74644966918945
3.82999999999996 8.86870604846374
3.83999999999996 8.99206304590438
3.84999999999996 9.11646772797786
3.85999999999996 9.24185900999884
3.86999999999996 9.36816668969838
3.87999999999996 9.49531036574068
3.88999999999996 9.62319822782638
3.89999999999996 9.75172570371591
3.90999999999996 9.88077394716951
3.91999999999996 10.0102081494696
3.92999999999996 10.1398756559207
3.93999999999996 10.2696038675894
3.94999999999996 10.3991979076572
3.95999999999996 10.528438031256
3.96999999999996 10.6570767577308
3.97999999999996 10.7848357051708
3.98999999999996 10.9114021091002
3.99999999999996 11.0364250108248
4.00999999999996 11.1595111066202
4.01999999999996 11.2802202573583
4.02999999999996 11.3980606701023
4.03999999999996 11.512483779591
4.04999999999996 11.622878879515
4.05999999999996 11.7285675823102
4.06999999999996 11.8287982232709
4.07999999999996 11.9227403715615
4.08999999999996 12.0094796685557
4.09999999999996 12.0880132839831
4.10999999999996 12.1572463631396
4.11999999999996 12.21598993346
4.12999999999996 12.262960844012
4.13999999999996 12.2967844225617
4.14999999999996 12.3160006442123
4.15999999999996 12.3190747014586
4.16999999999996 12.3044129310609
4.17999999999996 12.2703850660037
4.18999999999996 12.2153537131115
4.19999999999995 12.1377117766529
4.20999999999995 12.0359282224656
4.21999999999995 11.9086020772479
4.22999999999995 11.7545238676094
4.23999999999995 11.5727428300228
4.24999999999995 11.3626372067843
4.25999999999995 11.1239838690298
4.26999999999995 10.8570225081549
4.27999999999995 10.5625088859935
4.28999999999995 10.2417513281958
4.29999999999995 9.89662496775268
4.30999999999995 9.5295593202433
4.31999999999995 9.14349661469597
4.32999999999995 8.7418207857735
4.33999999999995 8.32825987557329
4.34999999999995 7.90676739995602
4.35999999999995 7.48139056184535
4.36999999999995 7.05613464821813
4.37999999999995 6.63483327645053
4.38999999999995 6.22103331119022
4.39999999999995 5.81790142137594
4.40999999999995 5.42815672529907
4.41999999999995 5.05403120356964
4.42999999999995 4.69725696028464
4.43999999999995 4.35907730642289
4.44999999999995 4.04027721473607
4.45999999999995 3.74122799660702
4.46999999999995 3.46194100418011
4.47999999999995 3.20212561541226
4.48999999999995 2.96124753554217
4.49999999999995 2.73858437369442
4.50999999999995 2.53327638787339
4.51999999999995 2.34437113789282
4.52999999999995 2.17086148830767
4.53999999999995 2.01171694158703
4.54999999999995 1.86590866008902
4.55999999999995 1.73242877364152
4.56999999999995 1.61030469461062
4.57999999999995 1.4986092024534
4.58999999999995 1.39646704075297
4.59999999999995 1.30305871326329
4.60999999999995 1.21762208841472
4.61999999999995 1.13945233635828
4.62999999999995 1.06790063734754
4.63999999999995 1.00237202033641
4.64999999999995 0.942322619027034
4.65999999999995 0.887256570488973
4.66999999999994 0.836722729040852
4.67999999999994 0.790311324804881
4.68999999999994 0.747650661308829
4.69999999999994 0.708403918648743
4.70999999999994 0.67226610694449
4.71999999999994 0.638961198080851
4.72999999999994 0.608239451093079
4.73999999999994 0.579874937212136
4.74999999999994 0.553663263839317
4.75999999999994 0.529419491998231
4.76999999999994 0.506976238644665
4.77999999999994 0.486181953224347
4.78999999999994 0.466899356755071
4.79999999999994 0.449004031237813
4.80999999999994 0.432383147188625
4.81999999999994 0.416934317389422
4.82999999999994 0.402564565474755
4.83999999999994 0.389189398624119
4.84999999999994 0.376731974356351
4.85999999999994 0.365122352181872
4.86999999999994 0.354296821629639
4.87999999999994 0.344197298907886
4.88999999999994 0.334770785167271
4.89999999999994 0.325968880003335
4.90999999999994 0.317747344457428
4.91999999999994 0.310065708349561
4.92999999999994 0.302886917302785
4.93999999999994 0.296177015298134
4.94999999999994 0.289904859033832
4.95999999999994 0.284041860755181
4.96999999999994 0.278561756575208
4.97999999999994 0.273440397623781
4.98999999999994 0.268655561647721
4.99999999999994 0.264186782939226
5.00999999999994 0.260015198697705
5.01999999999994 0.256123410133411
5.02999999999994 0.252495356802632
5.03999999999994 0.249116202825852
5.04999999999994 0.245972233784342
5.05999999999994 0.243050763218939
5.06999999999994 0.240340047769039
5.07999999999994 0.237829210091597
5.08999999999994 0.235508168790507
5.09999999999994 0.233367574667518
5.10999999999994 0.231398752677673
5.11999999999994 0.22959364903638
5.12999999999994 0.227944782982331
5.13999999999993 0.226445202751404
5.14999999999993 0.225088445362148
5.15999999999993 0.223868499853978
5.16999999999993 0.222779773655453
5.17999999999993 0.221817061792352
5.18999999999993 0.220975518674204
5.19999999999993 0.220250632223799
5.20999999999993 0.21963820013736
5.21999999999993 0.21913430808384
5.22999999999993 0.218735309670336
5.23999999999993 0.218437808017357
5.24999999999993 0.218238638802574
5.25999999999993 0.218134854645177
5.26999999999993 0.218123710714988
5.27999999999993 0.218202651461376
5.28999999999993 0.218369298366747
5.29999999999993 0.21862143863823
5.30999999999993 0.218957014759044
5.31999999999993 0.219374114828252
5.32999999999993 0.219870963623978
5.33999999999993 0.220445914331069
5.34999999999993 0.221097440879376
5.35999999999993 0.221824130843636
5.36999999999993 0.222624678860227
5.37999999999993 0.223497880519954
5.38999999999993 0.224442626699596
5.39999999999993 0.225457898298103
5.40999999999993 0.226542761346284
5.41999999999993 0.227696362461427
5.42999999999993 0.228917924620735
5.43999999999993 0.230206743229601
5.44999999999993 0.231562182462772
5.45999999999993 0.232983671858218
5.46999999999993 0.234470703145214
5.47999999999993 0.236022827289609
5.48999999999993 0.237639651740636
5.49999999999993 0.239320837864893
5.50999999999993 0.241066098554225
5.51999999999993 0.242875195995317
5.52999999999993 0.244747939589746
5.53999999999993 0.246684184014127
5.54999999999993 0.248683827410773
5.55999999999993 0.250746809700041
5.56999999999993 0.252873111006196
5.57999999999993 0.255062750189246
5.58999999999993 0.257315783475786
5.59999999999993 0.259632303182368
5.60999999999992 0.262012436525449
5.61999999999992 0.264456344512356
5.62999999999992 0.266964220908153
5.63999999999992 0.269536291273647
5.64999999999992 0.272172812070122
5.65999999999992 0.274874069826696
5.66999999999992 0.27764038036652
5.67999999999992 0.280472088088257
5.68999999999992 0.283369565299584
5.69999999999992 0.286333211599644
5.70999999999992 0.289363453307629
5.71999999999992 0.29246074293483
5.72999999999992 0.29562555869771
5.73999999999992 0.298858404069702
5.74999999999992 0.302159807369603
5.75999999999992 0.305530321384571
5.76999999999992 0.308970523025871
5.77999999999992 0.312481013015648
5.78999999999992 0.316062415603098
5.79999999999992 0.319715378308555
5.80999999999992 0.323440571694069
5.81999999999992 0.327238689159177
5.82999999999992 0.331110446760626
5.83999999999992 0.335056583054932
5.84999999999992 0.339077858962672
5.85999999999992 0.343175057653538
5.86999999999992 0.347348984451208
5.87999999999992 0.351600466757162
5.88999999999992 0.355930353992629
5.89999999999992 0.360339517557905
5.90999999999992 0.364828850808329
5.91999999999992 0.369399269046251
5.92999999999992 0.374051709528365
5.93999999999992 0.378787131487837
5.94999999999992 0.383606516170671
5.95999999999992 0.388510866885819
5.96999999999992 0.393501209068545
5.97999999999992 0.398578590356617
5.98999999999992 0.403744080678898
5.99999999999992 0.408998772355962
6.00999999999992 0.414343780212371
6.01999999999992 0.419780241700272
6.02999999999992 0.42530931703401
6.03999999999992 0.430932189335463
6.04999999999992 0.436650064789827
6.05999999999992 0.4424641728116
6.06999999999992 0.448375766220533
6.07999999999991 0.454386121427328
6.08999999999991 0.46049653862889
6.09999999999991 0.46670834201294
6.10999999999991 0.47302287997182
6.11999999999991 0.479441525325337
6.12999999999991 0.485965675552496
6.13999999999991 0.492596753031992
6.14999999999991 0.499336205291342
6.15999999999991 0.506185505264542
6.16999999999991 0.513146151558152
6.17999999999991 0.52021966872572
6.18999999999991 0.527407607550463
6.19999999999991 0.534711545336131
6.20999999999991 0.542133086205998
6.21999999999991 0.549673861409906
6.22999999999991 0.557335529639343
6.23999999999991 0.565119777350485
6.24999999999991 0.573028319095185
6.25999999999991 0.581062897859878
6.26999999999991 0.589225285412379
6.27999999999991 0.597517282656556
6.28999999999991 0.605940719994879
6.29999999999991 0.614497457698825
6.30999999999991 0.623189386287159
6.31999999999991 0.632018426912074
6.32999999999991 0.640986531753225
6.33999999999991 0.650095684419652
6.34999999999991 0.659347900359628
6.35999999999991 0.66874522727844
6.36999999999991 0.678289745564147
6.37999999999991 0.687983568721328
6.38999999999991 0.697828843812881
6.39999999999991 0.70782775190988
6.40999999999991 0.717982508549563
6.41999999999991 0.728295364201472
6.42999999999991 0.738768604741812
6.43999999999991 0.749404551936069
6.44999999999991 0.760205563929944
6.45999999999991 0.771174035748666
6.46999999999991 0.782312399804734
6.47999999999991 0.793623126414159
6.48999999999991 0.80510872432127
6.49999999999991 0.81677174123214
6.50999999999991 0.82861476435672
6.51999999999991 0.840640420959735
6.52999999999991 0.852851378920426
6.53999999999991 0.865250347301211
6.5499999999999 0.877840076925337
6.5599999999999 0.890623360963608
6.5699999999999 0.903603035530268
6.5799999999999 0.916781980288115
6.5899999999999 0.930163119062942
6.5999999999999 0.943749420467373
6.6099999999999 0.957543898534188
6.6199999999999 0.97154961335923
6.6299999999999 0.985769671753968
6.6399999999999 1.00020722790781
6.6499999999999 1.01486548406026
6.6599999999999 1.029747691183
6.6699999999999 1.04485714967199
6.6799999999999 1.06019721004968
6.6899999999999 1.07577127367741
6.6999999999999 1.0915827934781
6.7099999999999 1.10763527466936
6.7199999999999 1.12393227550698
6.7299999999999 1.14047740803903
6.7399999999999 1.15727433887063
6.7499999999999 1.1743267899394
6.7599999999999 1.19163853930173
6.7699999999999 1.20921342192994
6.7799999999999 1.22705533052052
6.7899999999999 1.24516821631325
6.7999999999999 1.26355608992162
6.8099999999999 1.28222302217441
6.8199999999999 1.3011731449685
6.8299999999999 1.32041065213315
6.8399999999999 1.33993980030557
6.8499999999999 1.3597649098181
6.8599999999999 1.37989036559679
6.8699999999999 1.40032061807174
6.8799999999999 1.42106018409888
6.8899999999999 1.4421136478936
6.8999999999999 1.463485661976
6.9099999999999 1.48518094812787
6.9199999999999 1.50720429836148
6.9299999999999 1.52956057590009
6.9399999999999 1.55225471617027
6.9499999999999 1.57529172780591
6.9599999999999 1.59867669366405
6.9699999999999 1.62241477185237
6.9799999999999 1.64651119676834
6.9899999999999 1.67097128015004
6.9999999999999 1.69580041213838
7.00999999999989 1.72100406235095
7.01999999999989 1.74658778096701
7.02999999999989 1.77255719982387
7.03999999999989 1.79891803352419
7.04999999999989 1.8256760805543
7.05999999999989 1.8528372244131
7.06999999999989 1.88040743475161
7.07999999999989 1.90839276852258
7.08999999999989 1.93679937114022
7.09999999999989 1.96563347764952
7.10999999999989 1.99490141390488
7.11999999999989 2.02460959775769
7.12999999999989 2.05476454025246
7.13999999999989 2.08537284683094
7.14999999999989 2.11644121854378
7.15999999999989 2.14797645326922
7.16999999999989 2.17998544693806
7.17999999999989 2.21247519476432
7.18999999999989 2.24545279248084
7.19999999999989 2.27892543757893
7.20999999999989 2.31290043055131
7.21999999999989 2.34738517613722
7.22999999999989 2.38238718456872
7.23999999999989 2.41791407281702
7.24999999999989 2.45397356583754
7.25999999999989 2.49057349781234
7.26999999999989 2.52772181338844
7.27999999999989 2.56542656891036
7.28999999999989 2.60369593364513
7.29999999999989 2.64253819099784
7.30999999999989 2.68196173971561
7.31999999999989 2.72197509507772
7.32999999999989 2.76258689006944
7.33999999999989 2.80380587653674
7.34999999999989 2.84564092631917
7.35999999999989 2.88810103235748
7.36999999999989 2.93119530977271
7.37999999999989 2.97493299691284
7.38999999999989 3.01932345636302
7.39999999999989 3.06437617591486
7.40999999999989 3.11010076948997
7.41999999999989 3.15650697801246
7.42999999999989 3.2036046702247
7.43999999999989 3.25140384344012
7.44999999999989 3.29991462422618
7.45999999999989 3.34914726901029
7.46999999999989 3.39911216460045
7.47999999999988 3.44981982861196
7.48999999999988 3.50128090979067
7.49999999999988 3.5535061882223
7.50999999999988 3.60650657541646
7.51999999999988 3.66029311425307
7.52999999999988 3.71487697877761
7.53999999999988 3.77026947383038
7.54999999999988 3.82648203449383
7.55999999999988 3.88352622534002
7.56999999999988 3.94141373945929
7.57999999999988 4.00015639724876
7.58999999999988 4.05976614493772
7.59999999999988 4.12025505282459
7.60999999999988 4.18163531319775
7.61999999999988 4.2439192379098
7.62999999999988 4.30711925557204
7.63999999999988 4.37124790833247
7.64999999999988 4.43631784819719
7.65999999999988 4.50234183285102
7.66999999999988 4.56933272092878
7.67999999999988 4.63730346668388
7.68999999999988 4.70626711399521
7.69999999999988 4.77623678964772
7.70999999999988 4.84722569581515
7.71999999999988 4.91924710166607
7.72999999999988 4.99231433400624
7.73999999999988 5.06644076686125
7.74999999999988 5.14163980989307
7.75999999999988 5.21792489553317
7.76999999999988 5.29530946470197
7.77999999999988 5.37380695097067
7.78999999999988 5.45343076300577
7.79999999999988 5.53419426511912
7.80999999999988 5.61611075572689
7.81999999999988 5.69919344349925
7.82999999999988 5.78345542095782
7.83999999999988 5.8689096352512
7.84999999999988 5.9555688558079
7.85999999999988 6.04344563853216
7.86999999999988 6.13255228616951
7.87999999999988 6.22290080442616
7.88999999999988 6.31450285337781
7.89999999999988 6.40736969364931
7.90999999999988 6.50151212678563
7.91999999999988 6.59694042916601
7.92999999999988 6.69366427873611
7.93999999999988 6.79169267374625
7.94999999999987 6.89103384258592
7.95999999999987 6.99169514369511
7.96999999999987 7.0936829544088
7.97999999999987 7.19700254745159
7.98999999999987 7.30165795364202
7.99999999999987 7.40765180918906
8.00999999999987 7.51498518576344
8.01999999999987 7.62365740130185
8.02999999999987 7.73366580924827
8.03999999999987 7.8450055636521
8.04999999999987 7.95766935722139
8.05999999999987 8.07164712906935
8.06999999999987 8.18692573848682
8.07999999999987 8.30348860061964
8.08999999999987 8.42131527942051
8.09999999999987 8.540381032677
8.10999999999987 8.66065630328287
8.11999999999987 8.78210615021496
8.12999999999987 8.90468961189684
8.13999999999987 9.02835899376826
8.14999999999987 9.15305907093341
8.15999999999987 9.27872619572864
8.16999999999987 9.40528729893377
8.17999999999987 9.53265877215411
8.18999999999987 9.66074521763445
8.19999999999987 9.7894380504494
8.20999999999987 9.9186139366744
8.21999999999987 10.0481330498223
8.22999999999987 10.1778371265908
8.23999999999987 10.3075473018921
8.24999999999987 10.4370617023428
8.25999999999987 10.566152777037
8.26999999999987 10.6945643447099
8.27999999999987 10.8220083375983
8.28999999999987 10.9481612247624
8.29999999999987 11.0726601017868
8.30999999999987 11.1950984401947
8.31999999999987 11.3150214992592
8.32999999999987 11.4319214160306
8.33999999999987 11.5452320073003
8.34999999999987 11.6543233410683
8.35999999999987 11.7584961661713
8.36999999999987 11.8569763284923
8.37999999999987 11.9489093520545
8.38999999999987 12.0333554246256
8.39999999999987 12.1092851012146
8.40999999999987 12.1755761253116
8.41999999999986 12.2310118660575
8.42999999999986 12.2742819770721
8.43999999999986 12.3039859942079
8.44999999999986 12.3186406963147
8.45999999999986 12.3166921420696
8.46999999999986 12.2965333486342
8.47999999999986 12.2565285703033
8.48999999999986 12.1950450381139
8.49999999999986 12.1104928018965
8.50999999999986 12.0013729420835
8.51999999999986 11.8663338639167
8.52999999999986 11.7042346409728
8.53999999999986 11.5142134537326
8.54999999999986 11.2957581250316
8.55999999999986 11.0487746861322
8.56999999999986 10.7736489606952
8.57999999999986 10.471295512631
8.58999999999986 10.1431881645111
8.59999999999986 9.79136682694838
8.60999999999986 9.41841668293062
8.61999999999986 9.02741782069557
8.62999999999986 8.62186603121964
8.63999999999986 8.20556836323005
8.64999999999986 7.78251974067965
8.65999999999986 7.35676905569397
8.66999999999986 6.93228429277157
8.67999999999986 6.51282622072017
8.68999999999986 6.10183902354858
8.69999999999986 5.70236415332536
8.70999999999986 5.31698104895844
8.71999999999986 4.9477756059066
8.72999999999986 4.5963347985466
8.73999999999986 4.26376393718791
8.74999999999986 3.9507218307856
8.75999999999986 3.65746863024796
8.76999999999986 3.3839212445199
8.77999999999986 3.12971178893245
8.78999999999986 2.89424536158177
8.79999999999986 2.67675438413493
8.80999999999986 2.47634766031531
8.81999999999986 2.29205311355785
8.82999999999986 2.12285382057067
8.83999999999986 1.96771744761529
8.84999999999986 1.82561953115115
8.85999999999986 1.69556124668617
8.86999999999986 1.57658240702616
8.87999999999986 1.46777045142456
8.88999999999985 1.36826615514102
8.89999999999985 1.27726672488463
8.90999999999985 1.19402686502846
8.91999999999985 1.11785831342287
8.92999999999985 1.04812826149824
8.93999999999985 0.984256995632917
8.94999999999985 0.925715027835562
8.95999999999985 0.872019924533693
8.96999999999985 0.822732992583419
8.97999999999985 0.777455940852007
8.98999999999985 0.735827602901974
8.99999999999985 0.697520780335309
9.00999999999985 0.662239246153945
9.01999999999985 0.629714932046291
9.02999999999985 0.599705311917364
9.03999999999985 0.57199098546279
9.04999999999985 0.546373459488161
9.05999999999985 0.522673120452466
9.06999999999985 0.500727388926624
9.07999999999985 0.480389044952153
9.08999999999985 0.461524712381014
9.09999999999985 0.444013489956964
9.10999999999985 0.427745716992137
9.11999999999985 0.412621861870797
9.12999999999985 0.398551522177442
9.13999999999985 0.385452525925979
9.14999999999985 0.37325012410689
9.15999999999985 0.361876265531756
9.16999999999985 0.351268945711846
9.17999999999985 0.341371622241345
9.18999999999985 0.332132689853902
9.19999999999985 0.323505008976393
9.20999999999985 0.315445482212099
9.21999999999985 0.307914673745651
9.22999999999985 0.300876467174388
9.23999999999985 0.294297757736868
9.24999999999985 0.288148175331372
9.25999999999985 0.282399835098192
9.26999999999985 0.277027112682317
9.27999999999985 0.272006441600842
9.28999999999985 0.267316130415138
9.29999999999985 0.262936197654443
9.30999999999985 0.258848222657855
9.31999999999985 0.255035210698377
9.32999999999985 0.251481470927994
9.33999999999985 0.248172505839098
9.34999999999985 0.24509491107679
9.35999999999984 0.242236284560666
9.36999999999984 0.239585143985087
9.37999999999984 0.237130851865348
9.38999999999984 0.234863547384731
9.39999999999984 0.232774084375461
9.40999999999984 0.230853974836111
9.41999999999984 0.229095337449944
9.42999999999984 0.227490850623913
9.43999999999984 0.226033709617309
9.44999999999984 0.224717587372984
9.45999999999984 0.22353659870331
9.46999999999984 0.222485267518103
9.47999999999984 0.221558496813013
9.48999999999984 0.220751541164917
9.49999999999984 0.220059981505883
9.50999999999984 0.21947970196971
9.51999999999984 0.219006868625122
9.52999999999984 0.218637909927724
9.53999999999984 0.218369498738955
9.54999999999984 0.21819853577479
9.55999999999984 0.21812213435995
9.56999999999984 0.21813760637509
9.57999999999984 0.218242449294952
9.58999999999984 0.218434334224959
9.59999999999984 0.218711094852233
9.60999999999984 0.219070717234742
9.61999999999984 0.219511330359178
9.62999999999984 0.220031197404475
9.63999999999984 0.220628707653481
9.64999999999984 0.221302369000447
9.65999999999984 0.222050801006597
9.66999999999984 0.222872728460234
9.67999999999984 0.223766975401623
9.68999999999984 0.224732459576335
9.69999999999984 0.225768187283834
9.70999999999984 0.226873248590937
9.71999999999984 0.228046812882326
9.72999999999984 0.229288124722647
9.73999999999984 0.230596500006819
9.74999999999984 0.231971322377154
9.75999999999984 0.233412039887609
9.76999999999984 0.23491816189711
9.77999999999984 0.236489256175356
9.78999999999984 0.238124946205837
9.79999999999984 0.239824908672019
9.80999999999984 0.241588871113762
9.81999999999984 0.243416609742065
9.82999999999983 0.245307947401144
9.83999999999983 0.247262751667728
9.84999999999983 0.249280933078203
9.85999999999983 0.251362443474996
9.86999999999983 0.253507274464197
9.87999999999983 0.255715455977069
9.88999999999983 0.257987054928604
9.89999999999983 0.260322173966832
9.90999999999983 0.262720950307025
9.91999999999983 0.265183554645387
9.92999999999983 0.267710190147212
9.93999999999983 0.27030109150486
9.94999999999983 0.272956524061222
9.95999999999983 0.27567678299468
9.96999999999983 0.278462192561828
9.97999999999983 0.281313105394513
9.98999999999983 0.284229901847957
9.99999999999983 0.287212989396999
10.0099999999998 0.290262802077656
10.0199999999998 0.293379799971426
10.0299999999998 0.296564468729923
10.0399999999998 0.299817319137599
10.0499999999998 0.303138886710457
10.0599999999998 0.306529731328823
10.0699999999998 0.30999043690234
10.0799999999998 0.313521611065505
10.0899999999998 0.317123884902165
10.0999999999998 0.320797912697491
10.1099999999998 0.324544371716062
10.1199999999998 0.328363962004764
10.1299999999998 0.332257406219317
10.1399999999998 0.336225449473293
10.1499999999998 0.34026885920859
10.1599999999998 0.344388425086373
10.1699999999998 0.34858495889758
10.1799999999998 0.352859294492121
10.1899999999998 0.35721228772599
10.1999999999998 0.361644816425526
10.2099999999998 0.366157780368132
10.2199999999998 0.370752101278808
10.2299999999998 0.375428722841867
10.2399999999998 0.380188610727284
10.2499999999998 0.38503275263114
10.2599999999998 0.389962158329647
10.2699999999998 0.394977859746323
10.2799999999998 0.400080911031843
10.2899999999998 0.405272388656194
10.2999999999998 0.410553391512737
10.3099999999998 0.415925041033826
10.3199999999998 0.421388481317669
10.3299999999998 0.4269448792661
10.3399999999998 0.432595424732999
10.3499999999998 0.438341330683092
10.3599999999998 0.44418383336087
10.3699999999998 0.450124192469414
10.3799999999998 0.456163691358911
10.3899999999998 0.462303637224663
10.3999999999998 0.468545361314405
10.4099999999998 0.474890219144772
10.4199999999998 0.481339590726758
10.4299999999998 0.487894880800027
10.4399999999998 0.494557519075941
10.4499999999998 0.501328960489201
10.4599999999998 0.50821068545798
10.4699999999998 0.515204200152454
10.4799999999998 0.522311036771655
10.4899999999998 0.529532753828546
10.4999999999998 0.536870936443278
10.5099999999998 0.544327196644536
10.5199999999998 0.551903173678942
10.5299999999998 0.559600534328466
10.5399999999998 0.567420973235797
10.5499999999998 0.575366213237651
10.5599999999998 0.583438005705987
10.5699999999998 0.591638130897111
10.5799999999998 0.599968398308655
10.5899999999998 0.608430647044424
10.5999999999998 0.617026746187103
10.6099999999998 0.625758595178843
10.6199999999998 0.634628124209703
10.6299999999998 0.643637294613996
10.6399999999998 0.652788099274524
10.6499999999998 0.662082563034748
10.6599999999998 0.671522743118898
10.6699999999998 0.681110729560068
10.6799999999998 0.690848645636313
10.6899999999998 0.700738648314804
10.6999999999998 0.710782928704059
10.7099999999998 0.72098371251431
10.7199999999998 0.731343260526045
10.7299999999998 0.741863869066778
10.7399999999998 0.752547870496093
10.7499999999998 0.763397633699025
10.7599999999998 0.774415564587832
10.7699999999998 0.785604106612221
10.7799999999998 0.796965741278085
10.7899999999998 0.808502988674823
10.7999999999998 0.820218408011314
10.8099999999998 0.832114598160601
10.8199999999998 0.84419419821337
10.8299999999998 0.856459888040295
10.8399999999998 0.868914388863317
10.8499999999998 0.88156046383595
10.8599999999998 0.894400918632675
10.8699999999998 0.907438602047519
10.8799999999998 0.920676406601887
10.8899999999998 0.934117269161742
10.8999999999998 0.947764171564212
10.9099999999998 0.961620141253709
10.9199999999998 0.975688251927652
10.9299999999998 0.989971624191871
10.9399999999998 1.0044734262258
10.9499999999998 1.01919687445751
10.9599999999998 1.03414523424874
10.9699999999998 1.04932182058993
10.9799999999998 1.06472999880539
10.9899999999998 1.08037318526875
10.9999999999998 1.09625484812865
11.0099999999998 1.11237850804484
11.0199999999998 1.12874773893488
11.0299999999998 1.14536616873126
11.0399999999998 1.1622374801493
11.0499999999998 1.17936541146577
11.0599999999998 1.19675375730834
11.0699999999998 1.214406369456
11.0799999999998 1.23232715765038
11.0899999999998 1.25052009041831
11.0999999999998 1.26898919590538
11.1099999999998 1.28773856272084
11.1199999999998 1.30677234079377
11.1299999999998 1.32609474224064
11.1399999999998 1.3457100422443
11.1499999999998 1.36562257994443
11.1599999999998 1.38583675933964
11.1699999999998 1.40635705020106
11.1799999999998 1.42718798899769
11.1899999999998 1.4483341798333
11.1999999999998 1.46980029539523
11.2099999999998 1.49159107791475
11.2199999999998 1.5137113401393
11.2299999999998 1.53616596631647
11.2399999999998 1.55895991318971
11.2499999999998 1.58209821100583
11.2599999999998 1.60558596453424
11.2699999999998 1.62942835409785
11.2799999999998 1.65363063661564
11.2899999999998 1.67819814665682
11.2999999999998 1.70313629750649
11.3099999999998 1.72845058224273
11.3199999999998 1.75414657482496
11.3299999999998 1.78022993119351
11.3399999999998 1.80670639038017
11.3499999999998 1.83358177562964
11.3599999999998 1.86086199553156
11.3699999999998 1.88855304516302
11.3799999999998 1.91666100724119
11.3899999999998 1.94519205328587
11.3999999999998 1.97415244479153
11.4099999999998 2.00354853440871
11.4199999999998 2.03338676713404
11.4299999999998 2.06367368150879
11.4399999999998 2.09441591082529
11.4499999999998 2.12562018434066
11.4599999999998 2.15729332849743
11.4699999999998 2.18944226815022
11.4799999999998 2.22207402779798
11.4899999999998 2.2551957328208
11.4999999999998 2.28881461072067
11.5099999999998 2.32293799236513
11.5199999999998 2.35757331323282
11.5299999999998 2.39272811466
11.5399999999998 2.42841004508654
11.5499999999998 2.46462686130043
11.5599999999998 2.50138642967914
11.5699999999998 2.53869672742642
11.5799999999998 2.57656584380283
11.5899999999998 2.61500198134821
11.5999999999998 2.65401345709403
11.6099999999998 2.6936087037636
11.6199999999998 2.73379627095765
11.6299999999998 2.77458482632288
11.6399999999998 2.8159831567006
11.6499999999998 2.85800016925255
11.6599999999998 2.90064489256054
11.6699999999998 2.94392647769646
11.6799999999998 2.9878541992587
11.6899999999998 3.0324374563709
11.6999999999998 3.07768577363837
11.7099999999998 3.12360880205722
11.7199999999998 3.17021631987092
11.7299999999998 3.21751823336827
11.7399999999998 3.26552457761652
11.7499999999998 3.31424551712259
11.7599999999998 3.36369134641485
11.7699999999998 3.41387249053728
11.7799999999998 3.4647995054469
11.7899999999998 3.51648307830479
11.7999999999998 3.56893402764998
11.8099999999998 3.62216330344454
11.8199999999998 3.67618198697721
11.8299999999998 3.73100129061166
11.8399999999998 3.78663255736427
11.8499999999998 3.84308726029484
11.8599999999998 3.90037700169214
11.8699999999998 3.95851351203452
11.8799999999998 4.01750864870395
11.8899999999998 4.07737439442972
11.8999999999998 4.13812285543587
11.9099999999998 4.19976625926386
11.9199999999998 4.26231695223934
11.9299999999998 4.32578739654868
11.9399999999998 4.39019016688767
11.9499999999998 4.45553794664113
11.9599999999998 4.52184352354811
11.9699999999998 4.58911978480247
11.9799999999998 4.65737971153422
11.9899999999998 4.72663637261094
11.9999999999998 4.79690291769251
12.0099999999998 4.86819256946587
12.0199999999998 4.94051861497846
12.0299999999998 5.01389439598085
12.0399999999998 5.08833329817967
12.0499999999998 5.16384873929131
12.0599999999998 5.24045415577538
12.0699999999998 5.31816298811403
12.0799999999998 5.3969886644885
12.0899999999998 5.47694458268845
12.0999999999998 5.55804409007142
12.1099999999998 5.64030046136968
12.1199999999998 5.72372687411941
12.1299999999998 5.80833638146161
12.1399999999998 5.89414188203648
12.1499999999998 5.98115608666105
12.1599999999998 6.06939148144458
12.1699999999998 6.1588602869568
12.1799999999998 6.24957441301927
12.1899999999998 6.34154540864028
12.1999999999998 6.43478440655778
12.2099999999998 6.52930206179125
12.2199999999998 6.62510848353312
12.2299999999998 6.72221315962993
12.2399999999998 6.82062487281401
12.2499999999998 6.92035160774514
12.2599999999998 7.02140044780784
12.2699999999998 7.12377746048157
12.2799999999998 7.22748756995675
12.2899999999998 7.33253441550635
12.2999999999998 7.43892019393974
12.3099999999998 7.54664548425827
12.3199999999998 7.65570905239954
12.3299999999998 7.76610763369481
12.3399999999998 7.877835690369
12.3499999999998 7.9908851410806
12.3599999999998 8.10524505912573
12.3699999999998 8.22090133551164
12.3799999999998 8.33783630263542
12.3899999999998 8.45602831377775
12.3999999999998 8.57545127303472
12.4099999999998 8.69607410965619
12.4199999999998 8.81786019003257
12.4299999999998 8.94076665976734
12.4399999999998 9.06474370738651
12.4499999999998 9.18973374026477
12.4599999999998 9.31567046229093
12.4699999999998 9.44247784165439
12.4799999999998 9.57006895591597
12.4899999999998 9.69834470024323
12.4999999999998 9.82719234336317
12.5099999999998 9.95648391444645
12.5199999999998 10.0860744028334
12.5299999999998 10.2157997513116
12.5399999999998 10.3454746226484
12.5499999999998 10.4748899184004
12.5599999999998 10.6038100288277
12.5699999999998 10.7319697932629
12.5799999999998 10.8590711518141
12.5899999999998 10.9847794721805
12.5999999999998 11.108719540118
12.6099999999998 11.2304712092822
12.6199999999998 11.3495647165477
12.6299999999998 11.4654756833148
12.6399999999998 11.5776198428337
12.6499999999998 11.6853475593971
12.6599999999998 11.7879382387322
12.6699999999998 11.8845947714986
12.6799999999998 11.9744382049
12.6899999999998 12.0565029023055
12.6999999999998 12.1297325282552
12.7099999999998 12.1929772863284
12.7199999999998 12.2449929387506
12.7299999999998 12.2844422460071
12.7399999999998 12.3098995759666
12.7499999999998 12.3198595351966
12.7599999999998 12.312750555666
12.7699999999998 12.2869544078287
12.7799999999998 12.240832580503
12.7899999999998 12.1727603384413
12.7999999999998 12.081169006937
12.8099999999998 11.9645966080117
12.8199999999998 11.82174636229
12.8299999999998 11.6515517705353
12.8399999999998 11.4532460243446
12.8499999999998 11.2264324321721
12.8599999999998 10.9711514972698
12.8699999999998 10.6879394067754
12.8799999999998 10.3778721766949
12.8899999999998 10.04258973981
12.8999999999998 9.68429501710269
12.9099999999998 9.30572454397221
12.9199999999998 8.91008946457697
12.9299999999998 8.50098844321014
12.9399999999998 8.08229691628534
12.9499999999998 7.65803968767651
12.9599999999998 7.23225572723717
12.9699999999998 6.80886484640843
12.9799999999998 6.39154555869757
12.9899999999998 5.98363196626649
12.9999999999998 5.58803522147005
13.0099999999998 5.20719239333512
13.0199999999998 4.84304285346771
13.0299999999998 4.4970299537471
13.0399999999998 4.17012404738143
13.0499999999998 3.86286190806571
13.0599999999998 3.57539729948993
13.0699999999998 3.30755771489343
13.0799999999998 3.05890297090868
13.0899999999998 2.82878222241329
13.0999999999998 2.61638691014485
13.1099999999998 2.42079804476385
13.1199999999998 2.24102699749146
13.1299999999998 2.07604957444498
13.1399999999998 1.92483359468544
13.1499999999998 1.78636048532041
13.1599999999998 1.65964157556666
13.1699999999998 1.5437298437023
13.1799999999998 1.43772787346602
13.1899999999998 1.34079273321127
13.1999999999998 1.25213842085043
13.2099999999998 1.17103643446685
13.2199999999998 1.09681494235484
13.2299999999998 1.02885694363339
13.2399999999998 0.966597735268493
13.2499999999998 0.909521935202578
13.2599999999998 0.857160254876614
13.2699999999998 0.809086167449184
13.2799999999998 0.764912579685481
13.2899999999998 0.724288584785748
13.2999999999998 0.686896349250292
13.3099999999998 0.652448168167658
13.3199999999998 0.62068370908198
13.3299999999998 0.591367453978113
13.3399999999998 0.564286341176181
13.3499999999998 0.539247603428734
13.3599999999998 0.516076794752272
13.3699999999998 0.494615996086814
13.3799999999998 0.474722188431804
13.3899999999998 0.456265781393591
13.3999999999998 0.439129284895735
13.4099999999998 0.423206111991959
13.4199999999998 0.408399501163377
13.4299999999998 0.394621547086925
13.4399999999998 0.381792329563981
13.4499999999998 0.369839131048313
13.4599999999998 0.358695733975817
13.4699999999998 0.34830178985057
13.4799999999998 0.338602252766148
13.4899999999998 0.329546870727295
13.4999999999998 0.321089728778774
13.5099999999998 0.313188838542517
13.5199999999998 0.305805769310216
13.5299999999998 0.298905316337096
13.5399999999998 0.292455202435542
13.5499999999998 0.286425809377015
13.5599999999998 0.280789935980191
13.5699999999998 0.275522580095455
13.5799999999998 0.270600741993941
13.5899999999998 0.266003246936193
13.5999999999998 0.26171058493419
13.6099999999998 0.257704765933601
13.6199999999998 0.253969188833306
13.6299999999998 0.25048852292882
13.6399999999998 0.24724860051732
13.6499999999998 0.244236319536636
13.6599999999998 0.241439555230424
13.6699999999998 0.238847079938537
13.6799999999998 0.236448490206664
13.6899999999998 0.234234140494017
13.6999999999998 0.232195082833254
13.7099999999998 0.230323011864061
13.7199999999998 0.228610214721694
13.7299999999998 0.227049525315216
13.7399999999998 0.225634282577785
13.7499999999998 0.224358292313876
13.7599999999998 0.223215792306269
13.7699999999998 0.222201420379537
13.7799999999998 0.221310185147082
13.7899999999998 0.22053743919586
13.7999999999998 0.219878854487188
13.8099999999998 0.219330399773739
13.8199999999997 0.218888319852295
13.8299999999997 0.218549116489255
13.8399999999997 0.218309530871542
13.8499999999997 0.218166527449634
13.8599999999997 0.218117279052002
13.8699999999997 0.218159153161646
13.8799999999997 0.218289699255586
13.8899999999997 0.218506637117359
13.8999999999997 0.218807846040864
13.9099999999997 0.219191354851332
13.9199999999997 0.219655332675956
13.9299999999997 0.220198080402774
13.9399999999997 0.220818022771891
13.9499999999997 0.221513701048083
13.9599999999997 0.222283766228335
13.9699999999997 0.223126972741899
13.9799999999997 0.224042172604169
13.9899999999997 0.225028309988978
13.9999999999997 0.226084416186978
14.0099999999997 0.227209604920498
14.0199999999997 0.228403067987764
14.0299999999997 0.229664071211664
14.0399999999997 0.230991950670261
14.0499999999997 0.232386109188191
14.0599999999997 0.233846013069741
14.0699999999997 0.235371189056008
14.0799999999997 0.236961221489931
14.0899999999997 0.238615749674309
14.0999999999997 0.240334465409087
14.1099999999997 0.242117110695297
14.1199999999997 0.243963475594005
14.1299999999997 0.245873396229561
14.1399999999997 0.247846752927232
14.1499999999997 0.249883468476105
14.1599999999997 0.251983506508814
14.1699999999997 0.254146869990306
14.1799999999997 0.256373599808418
14.1899999999997 0.258663773459635
14.1999999999997 0.26101750382381
14.2099999999997 0.263434938022182
14.2199999999997 0.26591625635335
14.2299999999997 0.268461671302331
14.2399999999997 0.271071426618129
14.2499999999997 0.273745796455597
14.2599999999997 0.276485084577671
14.2699999999997 0.279289623614334
14.2799999999997 0.282159774374924
14.2899999999997 0.285095925210636
14.2999999999997 0.288098491424306
14.3099999999997 0.291167914724738
14.3199999999997 0.294304662723047
14.3299999999997 0.297509228468668
14.3399999999997 0.300782130022817
14.3499999999997 0.304123910067367
14.3599999999997 0.307535135547228
14.3699999999997 0.311016397344451
14.3799999999997 0.314568309982399
14.3899999999997 0.318191511358428
14.3999999999997 0.321886662503641
14.4099999999997 0.32565444736836
14.4199999999997 0.329495572632065
14.4299999999997 0.333410767536609
14.4399999999997 0.337400783741624
14.4499999999997 0.341466395201077
14.4599999999997 0.345608398060035
14.4699999999997 0.349827610570719
14.4799999999997 0.354124873027032
14.4899999999997 0.358501047716759
14.4999999999997 0.362957018890714
14.5099999999997 0.367493692748159
14.5199999999997 0.37211199743783
14.5299999999997 0.376812883074002
14.5399999999997 0.38159732176701
14.5499999999997 0.386466307667717
14.5599999999997 0.39142085702544
14.5699999999997 0.396462008258868
14.5799999999997 0.401590822039563
14.5899999999997 0.406808381387631
14.5999999999997 0.412115791779203
14.6099999999997 0.41751418126538
14.6199999999997 0.42300470060231
14.6299999999997 0.428588523392111
14.6399999999997 0.434266846234353
14.6499999999997 0.440040888887842
14.6599999999997 0.44591189444246
14.6699999999997 0.451881129500851
14.6799999999997 0.457949884369732
14.6899999999997 0.464119473260642
14.6999999999997 0.470391234499955
14.7099999999997 0.476766530747997
14.7199999999997 0.483246749227105
14.7299999999997 0.489833301958502
14.7399999999997 0.496527626007859
14.7499999999997 0.50333118373943
14.7599999999997 0.510245463078653
14.7699999999997 0.517271977783122
14.7799999999997 0.524412267721859
14.7899999999997 0.531667899162785
14.7999999999997 0.539040465068351
14.8099999999997 0.546531585399248
14.8199999999997 0.554142907426157
14.8299999999997 0.561876106049493
14.8399999999997 0.569732884127103
14.8499999999997 0.577714972809887
14.8599999999997 0.585824131885326
14.8699999999997 0.594062150128892
14.8799999999997 0.602430845663328
14.8899999999997 0.610932066325797
14.8999999999997 0.619567690042896
14.9099999999997 0.62833962521353
14.9199999999997 0.63724981109968
14.9299999999997 0.646300218225042
14.9399999999997 0.655492848781591
14.9499999999997 0.664829737044067
14.9599999999997 0.674312949792419
14.9699999999997 0.683944586742239
14.9799999999997 0.693726780983212
14.9899999999997 0.703661699425629
14.9999999999997 0.713751543254996
15 0.713751543255276


0	5
0.01	5.35296760574141
0.02	5.70962258265602
0.03	6.06636922316348
0.04	6.41939991402637
0.05	6.76481769779451
0.06	7.0987688149383
0.07	7.41757587674087
0.08	7.71786207494801
0.09	7.99665776311904
0.1	8.25148269012554
0.11	8.48039979401596
0.12	8.68203934326469
0.13	8.8555949119801
0.14	9.00079485268032
0.15	9.11785438129051
0.16	9.20741406231028
0.17	9.27047045433993
0.18	9.30830410826061
0.19	9.32240919828331
0.2	9.31442799910464
0.21	9.28609235562129
0.22	9.23917333347436
0.23	9.17543945061513
0.24	9.09662329418707
0.25	9.00439591689783
0.26	8.90034815888234
0.27	8.78597792289114
0.28	8.66268240917471
0.29	8.53175436125007
0.3	8.39438145944061
0.31	8.25164810598212
0.32	8.10453895932225
0.33	7.9539436863974
0.34	7.80066250425251
0.35	7.64541217324603
0.36	7.48883218207986
0.37	7.33149093011682
0.38	7.17389176578299
0.39	7.0164787825916
0.4	6.85964230792552
0.41	6.70372404563102
0.42	6.54902185306462
0.43	6.39579414771047
0.44	6.24426394889638
0.45	6.09462256736402
0.46	5.94703296022383
0.47	5.80163277173819
0.48	5.65853708190198
0.49	5.51784088530082
0.5	5.37962132251541
0.51	5.24393968562996
0.52	5.11084321836296
0.53	4.98036673009845
0.54	4.85253404174843
0.55	4.727359279991
0.56	4.604848035052
0.57	4.48499839586387
0.58	4.36780187516508
0.59	4.25324423591086
0.6	4.141306229257
0.61	4.03196425335702
0.62	3.92519094127702
0.63	3.82095568548067
0.64	3.71922510556378
0.65	3.6199634652197
0.66	3.52313304378778
0.67	3.42869446717122
0.68	3.33660700240358
0.69	3.24682881968833
0.7	3.15931722532956
0.71	3.0740288686081
0.72	2.99091992533278
0.73	2.90994626050699
0.74	2.83106357229167
0.75	2.75422751921566
0.76	2.67939383237812
0.77	2.60651841420462
0.78	2.53555742515448
0.79	2.466467359631
0.8	2.39920511221593
0.81	2.3337280352331
0.820000000000001	2.26999398854224
0.830000000000001	2.20796138237139
0.840000000000001	2.14758921391309
0.850000000000001	2.08883709833571
0.860000000000001	2.03166529479475
0.870000000000001	1.97603472796967
0.880000000000001	1.9219070055987
0.890000000000001	1.86924443243645
0.900000000000001	1.81801002101647
0.910000000000001	1.76816749956268
0.920000000000001	1.71968131735917
0.930000000000001	1.67251664785721
0.940000000000001	1.62663938977042
0.950000000000001	1.58201616638427
0.960000000000001	1.53861432328371
0.970000000000001	1.49640192468259
0.980000000000001	1.4553477485202
0.990000000000001	1.4154212804743
1	1.37659270702495
1.01	1.33883290769031
1.02	1.30211344654369
1.03	1.26640656311009
1.04	1.23168516273104
1.05	1.19792280647735
1.06	1.16509370068181
1.07	1.13317268615631
1.08	1.10213522715168
1.09	1.07195740011229
1.1	1.04261588227257
1.11	1.01408794013722
1.12	0.986351417883106
1.13	0.959384725716402
1.14	0.933166828215187
1.15	0.907677232684443
1.16	0.882895977547377
1.17	0.858803620794375
1.18	0.835381228508482
1.19	0.812610363484065
1.2	0.7904730739534
1.21	0.768951882434047
1.22	0.74802977470831
1.23	0.727690188944563
1.24	0.707917004968912
1.25	0.688694533694428
1.26	0.670007506714111
1.27	0.651841066062744
1.28	0.634180754151907
1.29	0.617012503881598
1.3	0.600322628931207
1.31	0.584097814231895
1.32	0.568325106621858
1.33	0.552991905685435
1.34	0.5380859547765
1.35	0.523595332226189
1.36	0.509508442734602
1.37	0.495814008945786
1.38	0.482501063205003
1.39	0.469558939496988
1.4	0.456977265563702
1.41	0.444745955199824
1.42	0.432855200724077
1.43	0.421295465624291
1.44	0.410057477373971
1.45	0.399132220418015
1.46	0.388510929325124
1.47	0.378185082104325
1.48	0.368146393683001
1.49	0.35838680954371
1.5	0.348898499517054
1.51	0.339673851727789
1.52	0.33070546669138
1.53	0.321986151558124
1.54	0.313508914502003
1.55	0.305266959251381
1.56	0.297253679758685
1.57	0.289462655006198
1.58	0.281887643945109
1.59	0.274522580564978
1.6	0.267361569090794
1.61	0.26039887930482
1.62	0.253628941990456
1.63	0.247046344495373
1.64	0.240645826411194
1.65	0.234422275367052
1.66	0.228370722934372
1.67	0.222486340640265
1.68	0.216764436086971
1.69	0.211200449174821
1.7	0.205789948426216
1.71	0.200528627408191
1.72	0.19541230125115
1.73	0.190436903261413
1.74	0.185598481625256
1.75	0.180893196202174
1.76	0.176317315405125
1.77	0.17186721316559
1.78	0.167539365981281
1.79	0.163330350044425
1.8	0.159236838448548
1.81	0.155255598471768
1.82	0.151383488934612
1.83	0.147617457630454
1.84	0.143954538826669
1.85	0.140391850834685
1.86	0.136926593647127
1.87	0.133556046640292
1.88	0.130277566340249
1.89	0.127088584250889
1.9	0.123986604742277
1.91	0.120969202997724
1.92	0.118034023018012
1.93	0.115178775681258
1.94	0.112401236856921
1.95	0.10969924557252
1.96	0.107070702231647
1.97	0.104513566881885
1.98	0.102025857531313
1.99	0.0996056485122722
2	0.097251068891119
2.01	0.0949603009227354
2.02	0.0927315785485717
2.03	0.0905631859370489
2.04	0.0884534560651707
2.05	0.0864007693402256
2.06	0.0844035522604881
2.07	0.0824602761138594
2.08	0.0805694557134121
2.09	0.0787296481688346
2.1	0.0769394516927938
2.11	0.0751975044412652
2.12	0.0735024833869005
2.13	0.0718531032245316
2.14	0.0702481153079312
2.15	0.0686863066169779
2.16	0.0671664987543921
2.17	0.0656875469712363
2.18	0.0642483392203927
2.19	0.0628477952372548
2.2	0.0614848656468892
2.21	0.0601585310969452
2.22	0.0588678014156116
2.23	0.0576117147939367
2.24	0.0563893369918502
2.25	0.0551997605672425
2.26	0.054042104127476
2.27	0.0529155116027219
2.28	0.051819151540531
2.29	0.0507522164210692
2.29999999999999	0.0497139219924589
2.30999999999999	0.0487035066256898
2.31999999999999	0.0477202306885759
2.32999999999999	0.04676337593825
2.33999999999999	0.0458322449317071
2.34999999999999	0.044926160453918
2.35999999999999	0.0440444649630527
2.36999999999999	0.043186520052367
2.37999999999999	0.0423517059283181
2.38999999999999	0.0415394209044931
2.39999999999999	0.0407490809109428
2.40999999999999	0.0399801190185318
2.41999999999999	0.0392319849779246
2.42999999999999	0.0385041447728447
2.43999999999999	0.037796080187253
2.44999999999999	0.0371072883861066
2.45999999999999	0.0364372815093708
2.46999999999999	0.0357855862789696
2.47999999999999	0.0351517436183728
2.48999999999999	0.0345353082845273
2.49999999999999	0.0339358485118569
2.50999999999999	0.0333529456680618
2.51999999999999	0.0327861939214637
2.52999999999999	0.0322351999196531
2.53999999999999	0.0316995824792089
2.54999999999999	0.0311789722862676
2.55999999999999	0.0306730116077368
2.56999999999999	0.0301813540129561
2.57999999999999	0.0297036641056191
2.58999999999999	0.0292396172657864
2.59999999999999	0.0287888994018267
2.60999999999999	0.0283512067121383
2.61999999999999	0.027926245456515
2.62999999999999	0.0275137317370308
2.63999999999999	0.027113391288333
2.64999999999999	0.026724959277246
2.65999999999999	0.026348180111598
2.66999999999999	0.0259828072582019
2.67999999999999	0.0256286030699293
2.68999999999999	0.0252853386218366
2.69999999999999	0.024952793556313
2.70999999999999	0.024630755937237
2.71999999999999	0.0243190221131438
2.72999999999999	0.0240173965894234
2.73999999999999	0.023725691909583
2.74999999999999	0.0234437285456316
2.75999999999999	0.0231713347976552
2.76999999999998	0.0229083467026796
2.77999999999998	0.022654607952931
2.78999999999998	0.0224099698236317
2.79999999999998	0.0221742911104884
2.80999999999998	0.0219474380770563
2.81999999999998	0.0217292844121886
2.82999999999998	0.0215197111978059
2.83999999999998	0.0213186068872533
2.84999999999998	0.0211258672945398
2.85999999999998	0.0209413955947908
2.86999999999998	0.0207651023362795
2.87999999999998	0.0205969054644376
2.88999999999998	0.0204367303582927
2.89999999999998	0.0202845098798148
2.90999999999998	0.0201401844367094
2.91999999999998	0.0200037020592373
2.92999999999998	0.0198750184917002
2.93999999999998	0.0197540972992864
2.94999999999998	0.0196409099910337
2.95999999999998	0.0195354361597343
2.96999999999998	0.0194376636396787
2.97999999999998	0.0193475886832135
2.98999999999998	0.0192652161571746
2.99999999999998	0.0191905597603449
3.00999999999998	0.0191236422631912
3.01999999999998	0.0190644957712358
3.02999999999998	0.0190131620135399
3.03999999999998	0.0189696926579003
3.04999999999998	0.0189341496544993
3.05999999999998	0.0189066056098969
3.06999999999998	0.0188871441934172
3.07999999999998	0.018875860578158
3.08999999999998	0.0188728619190452
3.09999999999998	0.0188782678705646
3.10999999999998	0.0188922111470325
3.11999999999998	0.0189148381285148
3.12999999999998	0.0189463095157828
3.13999999999998	0.0189868010379856
3.14999999999998	0.0190365042170515
3.15999999999998	0.0190956271931848
3.16999999999998	0.0191643956162158
3.17999999999998	0.019243053607993
3.18999999999998	0.0193318648014717
3.19999999999998	0.0194311134626747
3.20999999999998	0.0195411057022611
3.21999999999998	0.0196621707840629
3.22999999999998	0.0197946625386356
3.23999999999997	0.0199389608906127
3.24999999999997	0.0200954735094895
3.25999999999997	0.0202646375943659
3.26999999999997	0.0204469218041846
3.27999999999997	0.0206428283461074
3.28999999999997	0.0208528952358918
3.29999999999997	0.021077698745481
3.30999999999997	0.021317856054507
3.31999999999997	0.0215740281240562
3.32999999999997	0.0218469228128678
3.33999999999997	0.0221372982581518
3.34999999999997	0.0224459665454504
3.35999999999997	0.0227737976944413
3.36999999999997	0.023121723990332
3.37999999999997	0.0234907446935428
3.38999999999997	0.0238819311637667
3.39999999999997	0.0242964324382596
3.40999999999997	0.0247354813084045
3.41999999999997	0.0252004009432565
3.42999999999997	0.0256926121139702
3.43999999999997	0.0262136410787976
3.44999999999997	0.0267651281948046
3.45999999999997	0.027348837329656
3.46999999999997	0.0279666661548688
3.47999999999997	0.0286206574109235
3.48999999999997	0.029313011244682
3.49999999999997	0.03004609873081
3.50999999999997	0.0308224767015025
3.51999999999997	0.0316449040229264
3.52999999999997	0.0325163594726185
3.53999999999997	0.0334400613898303
3.54999999999997	0.0344194892907341
3.55999999999997	0.0354584076627858
3.56999999999997	0.0365608921776817
3.57999999999997	0.0377313585906239
3.58999999999997	0.038974594625405
3.59999999999997	0.0402957951806225
3.60999999999997	0.0417006012326284
3.61999999999997	0.0431951428562172
3.62999999999997	0.0447860868352108
3.63999999999997	0.046480689392761
3.64999999999997	0.0482868546362111
3.65999999999997	0.0502131993846863
3.66999999999997	0.0522691251303034
3.67999999999997	0.0544648979772028
3.68999999999997	0.0568117375078778
3.69999999999997	0.059321915645024
3.70999999999996	0.06200886671106
3.71999999999996	0.0648873100384609
3.72999999999996	0.0679733866542116
3.73999999999996	0.0712848117533236
3.74999999999996	0.0748410448920167
3.75999999999996	0.0786634800735963
3.76999999999996	0.0827756581722377
3.77999999999996	0.0872035044449815
3.78999999999996	0.091975594223573
3.79999999999996	0.0971234502587372
3.80999999999996	0.10268187561346
3.81999999999996	0.10868932647206
3.82999999999996	0.115188329751109
3.83999999999996	0.122225950968768
3.84999999999996	0.129854318451882
3.85999999999996	0.13813121063468
3.86999999999996	0.147120713926135
3.87999999999996	0.156893959388696
3.88999999999996	0.167529947268088
3.89999999999996	0.179116469224948
3.90999999999996	0.191751138918189
3.91999999999996	0.205542542340056
3.92999999999996	0.220611519951515
3.93999999999996	0.23709259314261
3.94999999999996	0.255135547748948
3.95999999999996	0.274907187164434
3.96999999999996	0.296593266833095
3.97999999999996	0.320400620360762
3.98999999999996	0.346559484880331
3.99999999999996	0.375326029277359
4.00999999999996	0.406985082992377
4.01999999999996	0.441853054816116
4.02999999999996	0.48028101972192
4.03999999999996	0.522657936549909
4.04999999999996	0.56941393935991
4.05999999999996	0.621023619484304
4.06999999999996	0.678009182644881
4.07999999999996	0.740943324855859
4.08999999999996	0.810451621247124
4.09999999999996	0.887214162750301
4.10999999999996	0.971966106735579
4.11999999999996	1.06549673010266
4.12999999999996	1.1686464894662
4.13999999999996	1.28230150756137
4.14999999999996	1.40738482539501
4.15999999999996	1.54484369728564
4.16999999999996	1.69563217650291
4.17999999999996	1.86068826323357
4.18999999999996	2.04090498897214
4.19999999999995	2.2370950199474
4.20999999999995	2.4499487043079
4.21999999999995	2.67998598528575
4.22999999999995	2.92750326390892
4.23999999999995	3.19251710567966
4.24999999999995	3.47470759878791
4.25999999999995	3.77336509891697
4.26999999999995	4.08734490661804
4.27999999999995	4.41503495154409
4.28999999999995	4.75434162354279
4.29999999999995	5.10269833482695
4.30999999999995	5.45710012719749
4.31999999999995	5.8141656710812
4.32999999999995	6.17022549679177
4.33999999999995	6.52143255138474
4.34999999999995	6.86388858739594
4.35999999999995	7.19377789064577
4.36999999999995	7.50749880371134
4.37999999999995	7.80178360447068
4.38999999999995	8.07379855081873
4.39999999999995	8.32121808851933
4.40999999999995	8.54226996683584
4.41999999999995	8.73575087499534
4.42999999999995	8.90101478914823
4.43999999999995	9.0379381982592
4.44999999999995	9.14686759977522
4.45999999999995	9.22855511144038
4.46999999999995	9.28408784069536
4.47999999999995	9.31481596382849
4.48999999999995	9.32228349118886
4.49999999999995	9.30816461376727
4.50999999999995	9.27420748239673
4.51999999999995	9.22218635799746
4.52999999999995	9.15386233865009
4.53999999999995	9.07095232938333
4.54999999999995	8.97510556081218
4.55999999999995	8.86788675610236
4.56999999999995	8.75076495924405
4.57999999999995	8.62510703849846
4.58999999999995	8.49217493803608
4.59999999999995	8.35312584447802
4.60999999999995	8.20901454523365
4.61999999999995	8.06079736938894
4.62999999999995	7.9093372110176
4.63999999999995	7.75540923416576
4.64999999999995	7.59970694592275
4.65999999999995	7.44284839819578
4.66999999999994	7.28538234043521
4.67999999999994	7.12779419564628
4.68999999999994	6.97051177193563
4.69999999999994	6.81391065304498
4.70999999999994	6.65831923525421
4.71999999999994	6.50402339601052
4.72999999999994	6.35127079282558
4.73999999999994	6.2002748003777
4.74999999999994	6.05121810019673
4.75999999999994	5.90425594148407
4.76999999999994	5.75951909408279
4.77999999999994	5.61711651580739
4.78999999999994	5.47713775661493
4.79999999999994	5.33965512172129
4.80999999999994	5.20472561494392
4.81999999999994	5.07239268244253
4.82999999999994	4.94268777574912
4.83999999999994	4.81563175161399
4.84999999999994	4.6912361248068
4.85999999999994	4.56950418864441
4.86999999999994	4.45043201670037
4.87999999999994	4.33400935790179
4.88999999999994	4.22022043605106
4.89999999999994	4.10904466372634
4.90999999999994	4.00045727951827
4.91999999999994	3.89442991664963
4.92999999999994	3.79093111019602
4.93999999999994	3.68992674937551
4.94999999999994	3.59138048069722
4.95999999999994	3.49525406714942
4.96999999999994	3.40150770805914
4.97999999999994	3.31010032376433
4.98999999999994	3.2209898087993
4.99999999999994	3.13413325690075
5.00999999999994	3.04948716079001
5.01999999999994	2.96700758937289
5.02999999999994	2.88665034471851
5.03999999999994	2.80837110092813
5.04999999999994	2.73212552678213
5.05999999999994	2.65786939385399
5.06999999999994	2.58555867160307
5.07999999999994	2.51514961079919
5.08999999999994	2.44659881649112
5.09999999999994	2.37986331160475
5.10999999999994	2.31490059214431
5.11999999999994	2.25166867486949
5.12999999999994	2.1901261382315
5.13999999999993	2.13023215727079
5.14999999999993	2.07194653310761
5.15999999999993	2.01522971759211
5.16999999999993	1.96004283362355
5.17999999999993	1.90634769159634
5.18999999999993	1.85410680238511
5.19999999999993	1.80328338723893
5.20999999999993	1.7538413849185
5.21999999999993	1.70574545637629
5.22999999999993	1.65896098725004
5.23999999999993	1.61345408841306
5.24999999999993	1.56919159480078
5.25999999999993	1.52614106271103
5.26999999999993	1.48427076575637
5.27999999999993	1.44354968962884
5.28999999999993	1.40394752582199
5.29999999999993	1.36543466444038
5.30999999999993	1.32798218621433
5.31999999999993	1.29156185382562
5.32999999999993	1.25614610263975
5.33999999999993	1.22170803093058
5.34999999999993	1.18822138967476
5.35999999999993	1.15566057198574
5.36999999999993	1.12400060224984
5.37999999999993	1.09321712502088
5.38999999999993	1.06328639372391
5.39999999999993	1.03418525921353
5.40999999999993	1.00589115822748
5.41999999999993	0.978382101772114
5.42999999999993	0.9516366634723
5.43999999999993	0.92563396791502
5.44999999999993	0.900353679012631
5.45999999999993	0.875775988408958
5.46999999999993	0.85188160394879
5.47999999999993	0.82865173822899
5.48999999999993	0.806068097247305
5.49999999999993	0.78411286916303
5.50999999999993	0.762768713181936
5.51999999999993	0.742018748576295
5.52999999999993	0.721846543849368
5.53999999999993	0.702236106052482
5.54999999999993	0.683171870261575
5.55999999999993	0.664638689219088
5.56999999999993	0.646621823146087
5.57999999999993	0.62910692972862
5.58999999999993	0.612080054281578
5.59999999999993	0.595527620092553
5.60999999999992	0.579436418947605
5.61999999999992	0.563793601840251
5.62999999999992	0.548586669864456
5.63999999999992	0.533803465291987
5.64999999999992	0.519432162834021
5.65999999999992	0.505461261086561
5.66999999999992	0.491879574158878
5.67999999999992	0.478676223483875
5.68999999999992	0.465840629809038
5.69999999999992	0.453362505366385
5.70999999999992	0.441231846219613
5.71999999999992	0.429438924786481
5.72999999999992	0.4179742825343
5.73999999999992	0.406828722846238
5.74999999999992	0.395993304056076
5.75999999999992	0.385459332648905
5.76999999999992	0.375218356625185
5.77999999999992	0.365262159025517
5.78999999999992	0.355582751613409
5.79999999999992	0.346172368713278
5.80999999999992	0.337023461200874
5.81999999999992	0.328128690643305
5.82999999999992	0.319480923585811
5.83999999999992	0.311073225982418
5.84999999999992	0.302898857767595
5.85999999999992	0.294951267566065
5.86999999999992	0.287224087537877
5.87999999999992	0.279711128355918
5.88999999999992	0.272406374312996
5.89999999999992	0.265303978555706
5.90999999999992	0.258398258442261
5.91999999999992	0.251683691021539
5.92999999999992	0.245154908630596
5.93999999999992	0.238806694607949
5.94999999999992	0.232633979119946
5.95999999999992	0.226631835097597
5.96999999999992	0.220795474281269
5.97999999999992	0.215120243370674
5.98999999999992	0.209601620277642
5.99999999999992	0.204235210479205
6.00999999999992	0.199016743468546
6.01999999999992	0.193942069301423
6.02999999999992	0.189007155235727
6.03999999999992	0.184208082461866
6.04999999999992	0.179541042921703
6.05999999999992	0.175002336213846
6.06999999999992	0.170588366583105
6.07999999999991	0.166295639992
6.08999999999991	0.16212076127222
6.09999999999991	0.158060431354001
6.10999999999991	0.154111444571427
6.11999999999991	0.150270686041695
6.12999999999991	0.146535129116432
6.13999999999991	0.142901832903206
6.14999999999991	0.139367939855388
6.15999999999991	0.135930673428591
6.16999999999991	0.132587335801943
6.17999999999991	0.129335305662481
6.18999999999991	0.126172036051015
6.19999999999991	0.123095052267824
6.20999999999991	0.120101949836615
6.21999999999991	0.117190392525178
6.22999999999991	0.114358110421247
6.23999999999991	0.111602898062082
6.24999999999991	0.108922612616335
6.25999999999991	0.106315172116809
6.26999999999991	0.103778553742733
6.27999999999991	0.101310792150224
6.28999999999991	0.0989099778496451
6.29999999999991	0.0965742556285776
6.30999999999991	0.0943018230191962
6.31999999999991	0.0920909288088255
6.32999999999991	0.0899398715925186
6.33999999999991	0.0878469983665145
6.34999999999991	0.0858107031614621
6.35999999999991	0.0838294257143326
6.36999999999991	0.081901650177963
6.37999999999991	0.0800259038672091
6.38999999999991	0.0782007560407068
6.39999999999991	0.0764248167172718
6.40999999999991	0.0746967355259911
6.41999999999991	0.0730152005890865
6.42999999999991	0.071378937436654
6.43999999999991	0.0697867079524087
6.44999999999991	0.0682373093495871
6.45999999999991	0.0667295731761823
6.46999999999991	0.0652623643487113
6.47999999999991	0.0638345802137332
6.48999999999991	0.0624451496363626
6.49999999999991	0.0610930321150387
6.50999999999991	0.059777216921836
6.51999999999991	0.0584967222676194
6.52999999999991	0.0572505944913674
6.53999999999991	0.0560379072730062
6.5499999999999	0.0548577608691171
6.5599999999999	0.0537092813708957
6.5699999999999	0.0525916199837625
6.5799999999999	0.0515039523280382
6.5899999999999	0.0504454777601198
6.5999999999999	0.0494154187136025
6.6099999999999	0.0484130200598174
6.6199999999999	0.047437548487264
6.6299999999999	0.0464882918994364
6.6399999999999	0.0455645588305564
6.6499999999999	0.0446656778787407
6.6599999999999	0.0437909971561452
6.6699999999999	0.0429398837556451
6.6799999999999	0.0421117232336198
6.6899999999999	0.0413059191084303
6.6999999999999	0.040521892374187
6.7099999999999	0.0397590810294207
6.7199999999999	0.0390169396202823
6.7299999999999	0.0382949387979108
6.7399999999999	0.0375925648896198
6.7499999999999	0.0369093194835678
6.7599999999999	0.0362447190265878
6.7699999999999	0.0355982944348663
6.7799999999999	0.0349695907171717
6.7899999999999	0.0343581666103457
6.7999999999999	0.0337635942267821
6.8099999999999	0.033185458713631
6.8199999999999	0.0326233579234756
6.8299999999999	0.0320769020962425
6.8399999999999	0.0315457135521182
6.8499999999999	0.0310294263952542
6.8599999999999	0.030527686228057
6.8699999999999	0.0300401498758698
6.8799999999999	0.0295664851218652
6.8899999999999	0.0291063704519788
6.8999999999999	0.028659494809727
6.9099999999999	0.0282255573607644
6.9199999999999	0.0278042672670467
6.9299999999999	0.0273953434704799
6.9399999999999	0.0269985144859472
6.9499999999999	0.0266135182036193
6.9599999999999	0.0262401017004671
6.9699999999999	0.0258780210609084
6.9799999999999	0.0255270412065343
6.9899999999999	0.0251869357348778
6.9999999999999	0.0248574867671983
7.00999999999989	0.0245384848052738
7.01999999999989	0.0242297285972081
7.02999999999989	0.0239310250122763
7.03999999999989	0.0236421889248506
7.04999999999989	0.0233630431074653
7.05999999999989	0.0230934181330994
7.06999999999989	0.022833152286776
7.07999999999989	0.0225820914865989
7.08999999999989	0.0223400892143659
7.09999999999989	0.0221070064559275
7.10999999999989	0.0218827116514791
7.11999999999989	0.0216670806560043
7.12999999999989	0.0214599967101136
7.13999999999989	0.0212613504215537
7.14999999999989	0.0210710397576921
7.15999999999989	0.0208889700493184
7.16999999999989	0.0207150540061376
7.17999999999989	0.0205492117443688
7.18999999999989	0.0203913708269079
7.19999999999989	0.0202414663165513
7.20999999999989	0.0200994408428301
7.21999999999989	0.0199652446830536
7.22999999999989	0.0198388358582144
7.23999999999989	0.0197201802444687
7.24999999999989	0.0196092517009684
7.25999999999989	0.0195060322148896
7.26999999999989	0.0194105120645767
7.27999999999989	0.0193226900018028
7.28999999999989	0.0192425734542309
7.29999999999989	0.0191701787492569
7.30999999999989	0.0191055313605164
7.31999999999989	0.0190486661784462
7.32999999999989	0.0189996278064124
7.33999999999989	0.0189584708840465
7.34999999999989	0.0189252604395712
7.35999999999989	0.0189000722730513
7.36999999999989	0.0188829933726721
7.37999999999989	0.0188741223663294
7.38999999999989	0.0188735700110115
7.39999999999989	0.0188814597226711
7.40999999999989	0.0188979281495194
7.41999999999989	0.0189231257919311
7.42999999999989	0.0189572176724298
7.43999999999989	0.0190003840595298
7.44999999999989	0.019052821249546
7.45999999999989	0.0191147424108486
7.46999999999989	0.0191863784954442
7.47999999999988	0.0192679792232023
7.48999999999988	0.0193598141445304
7.49999999999988	0.0194621737878302
7.50999999999988	0.0195753708986498
7.51999999999988	0.0196997417780835
7.52999999999988	0.0198356477286769
7.53999999999988	0.0199834766168637
7.54999999999988	0.0201436445618135
7.55999999999988	0.0203165977615076
7.56999999999988	0.0205028144678886
7.57999999999988	0.0207028071240738
7.58999999999988	0.0209171246778739
7.59999999999988	0.0211463550872511
7.60999999999988	0.021391128034882
7.61999999999988	0.0216521178706872
7.62999999999988	0.0219300468030685
7.63999999999988	0.0222256883616706
7.64999999999988	0.0225398711567888
7.65999999999988	0.0228734829630969
7.66999999999988	0.0232274751582041
7.67999999999988	0.0236028675496932
7.68999999999988	0.0240007536277894
7.69999999999988	0.0244223062846934
7.70999999999988	0.0248687840459356
7.71999999999988	0.0253415378639199
7.72999999999988	0.025842018529188
7.73999999999988	0.0263717847609103
7.74999999999988	0.0269325120447759
7.75999999999988	0.0275260022938971
7.76999999999988	0.0281541944166556
7.77999999999988	0.0288191758847067
7.78999999999988	0.0295231954047529
7.79999999999988	0.0302686768093249
7.80999999999988	0.031058234294833
7.81999999999988	0.0318946891497483
7.82999999999988	0.0327810881321362
7.83999999999988	0.033720723674127
7.84999999999988	0.0347171561115188
7.85999999999988	0.0357742381598649
7.86999999999988	0.036896141884415
7.87999999999988	0.0380873884405439
7.88999999999988	0.0393528808942212
7.89999999999988	0.0406979404691279
7.90999999999988	0.0421283466087573
7.91999999999988	0.043650381288842
7.92999999999988	0.0452708780684296
7.93999999999988	0.046997276427651
7.94999999999987	0.0488376820075741
7.95999999999987	0.0508009334434949
7.96999999999987	0.0528966765687048
7.97999999999987	0.0551354468624404
7.98999999999987	0.0575287611247688
7.99999999999987	0.0600892194841698
8.00999999999987	0.0628306189822895
8.01999999999987	0.0657680801367187
8.02999999999987	0.0689181880588432
8.03999999999987	0.0722991499022107
8.04999999999987	0.0759309706400517
8.05999999999987	0.0798356494214114
8.06999999999987	0.0840373990368248
8.07999999999987	0.0885628913398144
8.08999999999987	0.0934415318230598
8.09999999999987	0.0987057669412921
8.10999999999987	0.10439142821015
8.11999999999987	0.110538117594538
8.12999999999987	0.117189639234101
8.13999999999987	0.124394483139203
8.14999999999987	0.132206367128824
8.15999999999987	0.140684843971028
8.16999999999987	0.14989598142308
8.17999999999987	0.159913123644516
8.18999999999987	0.170817743259718
8.19999999999987	0.182700394157228
8.20999999999987	0.195661775902266
8.21999999999987	0.209813921365486
8.22999999999987	0.225281519777547
8.23999999999987	0.242203387827483
8.24999999999987	0.260734101527969
8.25999999999987	0.281045801233303
8.26999999999987	0.303330181234152
8.27999999999987	0.327800673531508
8.28999999999987	0.354694832410137
8.29999999999987	0.38427692190985
8.30999999999987	0.416840701758901
8.31999999999987	0.452712398208716
8.32999999999987	0.492253833795409
8.33999999999987	0.535865673528267
8.34999999999987	0.583990723423908
8.35999999999987	0.637117189620367
8.36999999999987	0.695781771415349
8.37999999999987	0.760572418404145
8.38999999999987	0.832130529542235
8.39999999999987	0.911152309909112
8.40999999999987	0.99838892938768
8.41999999999986	1.09464504771473
8.42999999999986	1.2007751854171
8.43999999999986	1.31767733542917
8.44999999999986	1.44628313426943
8.45999999999986	1.5875438570741
8.46999999999986	1.74241148465965
8.47999999999986	1.91181413498224
8.48999999999986	2.09662528185165
8.49999999999986	2.29762642865221
8.50999999999986	2.51546329057561
8.51999999999986	2.75059608426105
8.52999999999986	3.00324523159772
8.53999999999986	3.27333463181273
8.54999999999986	3.56043558436177
8.55999999999986	3.86371535388912
8.56999999999986	4.1818951150855
8.57999999999986	4.51322242669128
8.58999999999986	4.85546328215232
8.59999999999986	5.20591802507564
8.60999999999986	5.56146393574463
8.61999999999986	5.91862514706533
8.62999999999986	6.27366793500507
8.63999999999986	6.62271668398009
8.64999999999986	6.96188336946039
8.65999999999986	7.28740164664947
8.66999999999986	7.59575590853606
8.67999999999986	7.88379612591619
8.68999999999986	8.14883083769178
8.69999999999986	8.38869305349374
8.70999999999986	8.60177665983992
8.71999999999986	8.78704374321719
8.72999999999986	8.94400567066077
8.73999999999986	9.07268253534762
8.74999999999986	9.17354656780779
8.75999999999986	9.24745536054328
8.76999999999986	9.29558038713925
8.77999999999986	9.31933550348605
8.78999999999986	9.32030909478123
8.79999999999986	9.30020244916617
8.80999999999986	9.26077592558188
8.81999999999986	9.20380362008622
8.82999999999986	9.13103655867184
8.83999999999986	9.0441739595776
8.84999999999986	8.94484179633376
8.85999999999986	8.83457772477667
8.86999999999986	8.71482137961981
8.87999999999986	8.58690906689068
8.88999999999985	8.45207195000479
8.89999999999985	8.31143692738623
8.90999999999985	8.16602951191474
8.91999999999985	8.01677813565334
8.92999999999985	7.86451940996637
8.93999999999985	7.71000396710754
8.94999999999985	7.55390259274437
8.95999999999985	7.3968124293344
8.96999999999985	7.23926308839379
8.97999999999985	7.08172255666126
8.98999999999985	6.92460281837193
8.99999999999985	6.76826514478708
9.00999999999985	6.61302502418248
9.01999999999985	6.45915672195828
9.02999999999985	6.30689747251331
9.03999999999985	6.15645131297774
9.04999999999985	6.00799257461097
9.05999999999985	5.86166905129292
9.06999999999985	5.71760486658771
9.07999999999985	5.57590306175046
9.08999999999985	5.43664792710583
9.09999999999985	5.29990709869924
9.10999999999985	5.16573344120135
9.11999999999985	5.03416673687591
9.12999999999985	4.90523519910866
9.13999999999985	4.77895682761807
9.14999999999985	4.65534062108311
9.15999999999985	4.53438766156853
9.16999999999985	4.41609208382889
9.17999999999985	4.30044194134702
9.18999999999985	4.18741997981816
9.19999999999985	4.07700432773304
9.20999999999985	3.96916911274242
9.21999999999985	3.86388501159868
9.22999999999985	3.76111974066543
9.23999999999985	3.66083849325715
9.24999999999985	3.56300432941411
9.25999999999985	3.46757852312605
9.26999999999985	3.37452087148765
9.27999999999985	3.28378996979284
9.28999999999985	3.1953434561488
9.29999999999985	3.1091382288101
9.30999999999985	3.02513063909289
9.31999999999985	2.9432766624252
9.32999999999985	2.86353204981862
9.33999999999985	2.78585246180432
9.34999999999985	2.71019358666111
9.35999999999984	2.63651124457023
9.36999999999984	2.5647614791605
9.37999999999984	2.49490063775381
9.38999999999984	2.42688544148467
9.39999999999984	2.3606730463453
9.40999999999984	2.29622109609912
9.41999999999984	2.23348776790811
9.42999999999984	2.17243181143255
9.43999999999984	2.11301258208432
9.44999999999984	2.05519006904509
9.45999999999984	1.99892491859884
9.46999999999984	1.94417845327251
9.47999999999984	1.89091268722866
9.48999999999984	1.83909033830947
9.49999999999984	1.78867483709131
9.50999999999984	1.73963033327327
9.51999999999984	1.69192169969079
9.52999999999984	1.64551453421643
9.53999999999984	1.60037515978415
9.54999999999984	1.55647062274969
9.55999999999984	1.51376868977882
9.56999999999984	1.47223784343628
9.57999999999984	1.43184727663117
9.58999999999984	1.39256688605897
9.59999999999984	1.35436726476697
9.60999999999984	1.31721969395687
9.61999999999984	1.28109613412741
9.62999999999984	1.24596921564959
9.63999999999984	1.2118122288578
9.64999999999984	1.17859911373189
9.65999999999984	1.1463044492378
9.66999999999984	1.11490344238744
9.67999999999984	1.08437191707243
9.68999999999984	1.05468630272087
9.69999999999984	1.02582362282088
9.70999999999984	0.997761483350778
9.71999999999984	0.970478061150838
9.72999999999984	0.94395209226853
9.73999999999984	0.918162860305287
9.74999999999984	0.893090184790029
9.75999999999984	0.868714409601793
9.76999999999984	0.845016391461322
9.77999999999984	0.821977488509188
9.78999999999984	0.799579548985945
9.79999999999984	0.77780490002795
9.80999999999984	0.756636336590765
9.81999999999984	0.73605711051054
9.82999999999983	0.71605091971237
9.83999999999983	0.696601897573369
9.84999999999983	0.677694602447033
9.85999999999983	0.65931400735448
9.86999999999983	0.641445489847172
9.87999999999983	0.624074822044917
9.88999999999983	0.607188160852157
9.89999999999983	0.590772038354892
9.90999999999983	0.574813352399948
9.91999999999983	0.559299357357742
9.92999999999983	0.54421765506921
9.93999999999983	0.529556185977094
9.94999999999983	0.515303220441404
9.95999999999983	0.50144735023848
9.96999999999983	0.487977480242795
9.97999999999983	0.474882820290308
9.98999999999983	0.462152877221968
9.99999999999983	0.449777447105701
10.0099999999998	0.437746607635053
10.0199999999998	0.426050710702447
10.0299999999998	0.414680375144898
10.0399999999998	0.40362647965986
10.0499999999998	0.392880155888799
10.0599999999998	0.382432781665966
10.0699999999998	0.372275974429752
10.0799999999998	0.362401584793986
10.0899999999998	0.352801690276399
10.0999999999998	0.343468589181527
10.1099999999998	0.334394794635199
10.1199999999998	0.325573028767804
10.1299999999998	0.316996217043452
10.1399999999998	0.308657482732195
10.1499999999998	0.3005501415224
10.1599999999998	0.292667696270434
10.1699999999998	0.285003831884788
10.1799999999998	0.277552410341793
10.1899999999998	0.270307465830091
10.1999999999998	0.263263200021063
10.2099999999998	0.256413977462413
10.2199999999998	0.249754321092166
10.2299999999998	0.243278907870327
10.2399999999998	0.236982564525534
10.2499999999998	0.230860263414024
10.2599999999998	0.224907118488286
10.2699999999998	0.219118381372833
10.2799999999998	0.213489437544526
10.2899999999998	0.208015802614949
10.2999999999998	0.202693118712385
10.3099999999998	0.197517150960939
10.3199999999998	0.192483784054466
10.3299999999998	0.187589018922934
10.3399999999998	0.182828969488954
10.3499999999998	0.178199859512214
10.3599999999998	0.173698019519619
10.3699999999998	0.169319883818975
10.3799999999998	0.165061987594108
10.3899999999998	0.160920964079324
10.3999999999998	0.15689354181122
10.4099999999998	0.152976541955817
10.4199999999998	0.149166875709109
10.4299999999998	0.145461541769111
10.4399999999998	0.141857623877555
10.4499999999998	0.138352288429417
10.4599999999998	0.134942782148509
10.4699999999998	0.131626429827389
10.4799999999998	0.12840063212992
10.4899999999998	0.125262863454802
10.4999999999998	0.122210669858481
10.5099999999998	0.119241667035856
10.5199999999998	0.116353538357243
10.5299999999998	0.113544032960104
10.5399999999998	0.110810963894079
10.5499999999998	0.108152206317881
10.5599999999998	0.105565695746691
10.5699999999998	0.103049426348661
10.5799999999998	0.100601449289238
10.5899999999998	0.0982198711219963
10.5999999999998	0.0959028522247286
10.6099999999998	0.0936486052795786
10.6199999999998	0.0914553937960144
10.6299999999998	0.0893215306754848
10.6399999999998	0.0872453768166266
10.6499999999998	0.0852253397599198
10.6599999999998	0.083259872370719
10.6699999999998	0.081347471559614
10.6799999999998	0.0794866770391042
10.6899999999998	0.0776760701155948
10.6999999999998	0.075914272515752
10.7099999999998	0.0741999452462778
10.7199999999998	0.072531787486192
10.7299999999998	0.0709085355107338
10.7399999999998	0.0693289616460174
10.7499999999998	0.0677918732536014
10.7599999999998	0.0662961117441553
10.7699999999998	0.0648405516194261
10.7799999999998	0.0634240995417335
10.7899999999998	0.0620456934302409
10.7999999999998	0.0607043015832718
10.8099999999998	0.0593989218259611
10.8199999999998	0.0581285806825512
10.8299999999998	0.0568923325726618
10.8399999999998	0.0556892590308825
10.8499999999998	0.0545184679490544
10.8599999999998	0.0533790928406259
10.8699999999998	0.0522702921264873
10.8799999999998	0.0511912484417027
10.8899999999998	0.0501411679625782
10.8999999999998	0.0491192797535203
10.9099999999998	0.0481248351331544
10.9199999999998	0.0471571070591919
10.9299999999998	0.0462153895315448
10.9399999999998	0.045298997013209
10.9499999999998	0.0444072638684456
10.9599999999998	0.0435395438178088
10.9699999999998	0.0426952094095824
10.9799999999998	0.0418736515071984
10.9899999999998	0.04107427879223
10.9999999999998	0.0402965172825589
11.0099999999998	0.0395398098653365
11.0199999999998	0.0388036158443656
11.0299999999998	0.0380874105015475
11.0399999999998	0.0373906846720485
11.0499999999998	0.0367129443328531
11.0599999999998	0.0360537102043853
11.0699999999998	0.0354125173648906
11.0799999999998	0.0347889148772811
11.0899999999998	0.0341824654281627
11.0999999999998	0.0335927449787718
11.1099999999998	0.0330193424275618
11.1199999999998	0.0324618592841911
11.1299999999998	0.0319199093546773
11.1399999999998	0.031393118437492
11.1499999999998	0.0308811240303842
11.1599999999998	0.0303835750477304
11.1699999999998	0.029900131548222
11.1799999999998	0.0294304644727135
11.1899999999998	0.0289742553920634
11.1999999999998	0.0285311962648175
11.2099999999998	0.028100989204589
11.2199999999998	0.0276833462570097
11.2299999999998	0.0272779891861335
11.2399999999998	0.0268846492701893
11.2499999999998	0.0265030671065915
11.2599999999998	0.0261329924261319
11.2699999999998	0.0257741839162882
11.2799999999998	0.0254264090535997
11.2899999999998	0.0250894439450757
11.2999999999998	0.024763073178616
11.3099999999998	0.0244470896824399
11.3199999999998	0.0241412945935342
11.3299999999998	0.0238454971351513
11.3399999999998	0.023559514503402
11.3499999999998	0.0232831717630082
11.3599999999998	0.0230163017523013
11.3699999999998	0.0227587449975694
11.3799999999998	0.02251034963688
11.3899999999998	0.0222709713535274
11.3999999999998	0.022040473319277
11.4099999999998	0.0218187261476035
11.4199999999998	0.0216056078571506
11.4299999999998	0.0214010038456613
11.4399999999998	0.021204806874666
11.4499999999998	0.0210169170652416
11.4599999999998	0.0208372419051936
11.4699999999998	0.0206656962680468
11.4799999999998	0.0205022024442712
11.4899999999998	0.0203466901852128
11.4999999999998	0.0201990967602411
11.5099999999998	0.0200593670276767
11.5199999999998	0.0199274535201132
11.5299999999998	0.0198033165448032
11.5399999999998	0.0196869242998407
11.5499999999998	0.0195782530069333
11.5599999999998	0.019477287061634
11.5699999999998	0.0193840192019712
11.5799999999998	0.0192984506965039
11.5899999999998	0.0192205915529128
11.5999999999998	0.0191504607483378
11.6099999999998	0.0190880864827742
11.6199999999998	0.0190335064569533
11.6299999999998	0.0189867681762563
11.6399999999998	0.0189479292823418
11.6499999999998	0.018917057914313
11.6599999999998	0.0188942331014083
11.6699999999998	0.0188795451893668
11.6799999999998	0.0188730963028108
11.6899999999998	0.0188750008461866
11.6999999999998	0.0188853860460276
11.7099999999998	0.0189043925375456
11.7199999999998	0.0189321749988173
11.7299999999998	0.0189689028361241
11.7399999999998	0.0190147609243146
11.7499999999998	0.0190699504064059
11.7599999999998	0.0191346895570154
11.7699999999998	0.0192092147146272
11.7799999999998	0.0192937812881506
11.7899999999998	0.0193886648437232
11.7999999999998	0.019494162278255
11.8099999999998	0.0196105930868106
11.8199999999998	0.0197383007315788
11.8299999999998	0.0198776541209053
11.8399999999998	0.0200290492076571
11.8499999999998	0.0201929107170613
11.8599999999998	0.0203696940151267
11.8699999999998	0.0205598871298179
11.8799999999998	0.0207640129383244
11.8899999999998	0.0209826315350598
11.8999999999998	0.0212163427964577
11.9099999999998	0.0214657891602087
11.9199999999998	0.0217316586383294
11.9299999999998	0.0220146880853921
11.9399999999998	0.0223156667453798
11.9499999999998	0.0226354401030092
11.9599999999998	0.0229749140679953
11.9699999999998	0.0233350595236504
11.9799999999998	0.023716917274458
11.9899999999998	0.0241216034308622
11.9999999999998	0.0245503152735261
12.0099999999998	0.0250043376437697
12.0199999999998	0.0254850499118653
12.0299999999998	0.0259939335804036
12.0399999999998	0.0265325805861107
12.0499999999998	0.0271027023703847
12.0599999999998	0.0277061397965016
12.0699999999998	0.0283448740000323
12.0799999999998	0.0290210382686068
12.0899999999998	0.029736931057906
12.0999999999998	0.0304950302627768
12.1099999999998	0.0312980088758361
12.1199999999998	0.0321487521810159
12.1299999999998	0.0330503766464289
12.1399999999998	0.0340062506999253
12.1499999999998	0.0350200175920342
12.1599999999998	0.0360956205749437
12.1699999999998	0.0372373306530972
12.1799999999998	0.0384497771912755
12.1899999999998	0.0397379817001077
12.1999999999998	0.0411073951573208
12.2099999999998	0.0425639392662413
12.2199999999998	0.0441140521017455
12.2299999999998	0.0457647386487187
12.2399999999998	0.0475236267999445
12.2499999999998	0.0493990294501056
12.2599999999998	0.0514000134012599
12.2699999999998	0.0535364758839223
12.2799999999998	0.0558192295980176
12.2899999999998	0.058260097290933
12.2999999999998	0.0608720170173112
12.3099999999998	0.0636691593688971
12.3199999999998	0.0666670581246948
12.3299999999998	0.0698827559541271
12.3399999999998	0.0733349670112617
12.3499999999998	0.0770442584891449
12.3599999999998	0.0810332534627494
12.3699999999998	0.08532685764009
12.3799999999998	0.0899525129669492
12.3899999999998	0.0949404813947606
12.3999999999998	0.100324162526931
12.4099999999998	0.106140449309545
12.4199999999998	0.112430126431016
12.4299999999998	0.119238316644291
12.4399999999998	0.126614980826304
12.4499999999998	0.134615478242572
12.4599999999998	0.143301194188457
12.4699999999998	0.152740242927631
12.4799999999998	0.16300825463402
12.4899999999998	0.17418925585131
12.4999999999998	0.186376653791989
12.5099999999998	0.199674335573675
12.5199999999998	0.214197894188726
12.5299999999998	0.230075993560819
12.5399999999998	0.247451885374129
12.5499999999998	0.266485090352499
12.5599999999998	0.287353256167022
12.5699999999998	0.310254202964096
12.5799999999998	0.335408165379165
12.5899999999998	0.363060236511803
12.5999999999998	0.393483014280418
12.6099999999998	0.426979443347686
12.6199999999998	0.463885835798164
12.6299999999998	0.504575040223433
12.6399999999998	0.549459710968265
12.6499999999998	0.598995606035971
12.6599999999998	0.653684812473083
12.6699999999998	0.714078760847737
12.6799999999998	0.780780844661832
12.6899999999998	0.854448405377893
12.6999999999998	0.935793778849051
12.7099999999998	1.02558402477984
12.7199999999998	1.12463887916593
12.7299999999998	1.23382638409972
12.7399999999998	1.35405556613464
12.7499999999998	1.48626546323482
12.7599999999998	1.6314097550233
12.7699999999998	1.79043625009905
12.7799999999998	1.96426055080493
12.7899999999998	2.1537333768689
12.7999999999998	2.3596013129214
12.8099999999998	2.58246117594885
12.8199999999998	2.82270879233558
12.8299999999998	3.08048372661622
12.8399999999998	3.35561238298895
12.8499999999998	3.64755283565975
12.8599999999998	3.95534562182043
12.8699999999998	4.27757539829322
12.8799999999998	4.61234864189743
12.8899999999998	4.95729229172415
12.8999999999998	5.30957726271774
12.9099999999998	5.66596907110988
12.9199999999998	6.02290550092059
12.9299999999998	6.37659854941444
12.9399999999998	6.72315518355072
12.9499999999998	7.05870914664574
12.9599999999998	7.37955457496676
12.9699999999998	7.68227179629718
12.9799999999998	7.96383647235052
12.9899999999998	8.22170508320751
12.9999999999998	8.45387231845807
13.0099999999998	8.65889881186005
13.0199999999998	8.83591039859152
13.0299999999998	8.98457232903462
13.0399999999998	9.10504341848733
13.0499999999998	9.19791587861503
13.0599999999998	9.26414662693201
13.0699999999998	9.30498535845492
13.0799999999998	9.32190378303502
13.0899999999998	9.3165293746467
13.0999999999998	9.29058590530844
13.1099999999998	9.24584206067258
13.1199999999998	9.18406862358137
13.1299999999998	9.10700409239079
13.1399999999998	9.01632816907129
13.1499999999998	8.91364228576013
13.1599999999998	8.80045620619799
13.1699999999998	8.67817970692078
13.1799999999998	8.5481183812696
13.1899999999998	8.4114726911606
13.1999999999998	8.26933949673708
13.2099999999998	8.12271540761334
13.2199999999998	7.97250141128496
13.2299999999998	7.81950833812464
13.2399999999998	7.66446281478474
13.2499999999998	7.50801343741295
13.2599999999998	7.35073696283598
13.2699999999998	7.19314437058841
13.2799999999998	7.03568669262187
13.2899999999998	6.87876054216689
13.2999999999998	6.72271329999938
13.3099999999998	6.56784793665693
13.3199999999998	6.41442746419161
13.3299999999998	6.26267902190205
13.3399999999998	6.11279760806231
13.3499999999998	5.96494947470503
13.3599999999998	5.81927520562955
13.3699999999998	5.67589249947863
13.3799999999998	5.53489868034567
13.3899999999998	5.39637295823731
13.3999999999998	5.26037846105681
13.4099999999998	5.12696405876653
13.4199999999998	4.99616599916647
13.4299999999998	4.86800937338739
13.4399999999998	4.74250942781272
13.4499999999998	4.61967273776353
13.4599999999998	4.49949825694016
13.4699999999998	4.38197825533515
13.4799999999998	4.2670991571294
13.4899999999998	4.15484228896424
13.4999999999998	4.04518454794986
13.5099999999998	3.93809899782418
13.5199999999998	3.83355540081434
13.5299999999998	3.73152069197057
13.5399999999998	3.63195940203538
13.5499999999998	3.53483403427321
13.5599999999998	3.44010540011324
13.5699999999998	3.34773291794333
13.5799999999998	3.25767487893253
13.5899999999998	3.16988868334743
13.5999999999998	3.08433105045889
13.6099999999998	3.00095820480672
13.6199999999998	2.91972604129587
13.6299999999998	2.8405902713356
13.6399999999998	2.76350655199901
13.6499999999998	2.68843059997187
13.6599999999998	2.6153182918735
13.6699999999998	2.54412575236616
13.6799999999998	2.4748094313219
13.6899999999998	2.40732617118305
13.6999999999998	2.34163326553484
13.7099999999998	2.2776885098035
13.7199999999998	2.21545024489862
13.7299999999998	2.15487739453494
13.7399999999998	2.09592949689343
13.7499999999998	2.03856673121407
13.7599999999998	1.9827499398531
13.7699999999998	1.92844064628301
13.7799999999998	1.87560106946595
13.7899999999998	1.82419413498743
13.7999999999998	1.77418348329887
13.8099999999998	1.72553347538237
13.8199999999997	1.67820919612021
13.8299999999997	1.63217645562317
13.8399999999997	1.58740178874689
13.8499999999997	1.54385245300256
13.8599999999997	1.50149642504782
13.8699999999997	1.46030239592579
13.8799999999997	1.42023976520286
13.8899999999997	1.38127863414179
13.8999999999997	1.34338979803261
13.9099999999997	1.30654473779195
13.9199999999997	1.27071561093051
13.9299999999997	1.23587524197838
13.9399999999997	1.20199711244903
13.9499999999997	1.16905535041482
13.9599999999997	1.1370247197595
13.9699999999997	1.10588060916648
13.9799999999997	1.07559902089598
13.9899999999997	1.04615655939843
13.9999999999997	1.01753041980686
14.0099999999997	0.989698376346442
14.0199999999997	0.962638770695421
14.0299999999997	0.936330500327988
14.0399999999997	0.910753006866422
14.0499999999997	0.885886264466784
14.0599999999997	0.861710768259773
14.0699999999997	0.838207522865915
14.0799999999997	0.815358031002028
14.0899999999997	0.793144282193885
14.0999999999997	0.771548741608207
14.1099999999997	0.750554339015428
14.1199999999997	0.730144457893216
14.1299999999997	0.71030292467935
14.1399999999997	0.691013998181359
14.1499999999997	0.672262359149182
14.1599999999997	0.654033100016146
14.1699999999997	0.636311714812623
14.1799999999997	0.619084089255918
14.1899999999997	0.602336491019203
14.1999999999997	0.586055560181645
14.2099999999997	0.57022829986127
14.2199999999997	0.554842067031574
14.2299999999997	0.539884563522387
14.2399999999997	0.525343827205097
14.2499999999997	0.511208223361905
14.2599999999997	0.497466436238463
14.2699999999997	0.484107460778937
14.2799999999997	0.471120594542228
14.2899999999997	0.458495429797887
14.2999999999997	0.446221845799991
14.3099999999997	0.434290001237096
14.3199999999997	0.422690326856191
14.3299999999997	0.411413518258438
14.3399999999997	0.400450528864355
14.3499999999997	0.389792563045994
14.3599999999997	0.379431069423557
14.3699999999997	0.369357734323836
14.3799999999997	0.359564475397782
14.3899999999997	0.350043435394451
14.3999999999997	0.340786976088552
14.4099999999997	0.331787672358768
14.4199999999997	0.323038306414007
14.4299999999997	0.314531862164725
14.4399999999997	0.306261519736448
14.4499999999997	0.298220650122627
14.4599999999997	0.290402809973956
14.4699999999997	0.282801736521293
14.4799999999997	0.275411342629346
14.4899999999997	0.268225711978289
14.4999999999997	0.261239094370517
14.5099999999997	0.254445901159746
14.5199999999997	0.247840700799721
14.5299999999997	0.241418214509806
14.5399999999997	0.235173312054769
14.5499999999997	0.229101007636114
14.5599999999997	0.223196455892353
14.5699999999997	0.21745494800562
14.5799999999997	0.211871907912126
14.5899999999997	0.206442888613925
14.5999999999997	0.201163568589565
14.6099999999997	0.196029748301202
14.6199999999997	0.191037346795809
14.6299999999997	0.186182398398164
14.6399999999997	0.181461049493326
14.6499999999997	0.176869555396382
14.6599999999997	0.172404277307248
14.6699999999997	0.168061679348403
14.6799999999997	0.163838325683431
14.6899999999997	0.159730877714333
14.6999999999997	0.155736091355571
14.7099999999997	0.151850814382888
14.7199999999997	0.148071983854973
14.7299999999997	0.144396623606078
14.7399999999997	0.14082184180775
14.7499999999997	0.137344828597866
14.7599999999997	0.133962853775229
14.7699999999997	0.130673264557981
14.7799999999997	0.127473483404171
14.7899999999997	0.124361005892827
14.7999999999997	0.121333398663942
14.8099999999997	0.118388297415796
14.8199999999997	0.1155234049581
14.8299999999997	0.112736489319471
14.8399999999997	0.110025381907788
14.8499999999997	0.107387975722003
14.8599999999997	0.104822223614047
14.8699999999997	0.102326136599462
14.8799999999997	0.099897782215462
14.8899999999997	0.0975352829251412
14.8999999999997	0.0952368145665754
14.9099999999997	0.0930006048456128
14.9199999999997	0.0908249318711634
14.9299999999997	0.0887081227318365
14.9399999999997	0.086648552112804
14.9499999999997	0.0846446409517949
14.9599999999997	0.0826948551331561
14.9699999999997	0.0807977042189435
14.9799999999997	0.078951740216033
14.9899999999997	0.0771555563782695
14.9999999999997	0.0754077860426965
15	0.0754077860426491
